ShopName	Col1	Col2	Col3	Col4	Col5	Col6	Col7	Col8	Col9	Col10	Col11	Col12	Col13	Col14	Col15	Col16	Col17	Col18	Col19	Col20	Col21	Col22	Col23	Col24	Col25	Col26	Col27	Col28	Col29	Col30	Col31	Col32	Col33	Col34	Col35
Vu khi dao	37	38	39	40	47	48	49	50																				
	176	177	178	179	146	147	148	149	150	156	157	158	159	446														
Hieu thuoc thon	1	2	3	4	6	7	8	9	11	12	16	22	23	24														
	27	28	29	30	47	48	49	50																				
	117	118	119	120	146	147	148	149	150	157	158	159	160	166	167	168	169	170	446									
Hieu thuoc duong chau	1	2	3	4	6	7	8	11	12	16	22	23	24															
	27	28	29	30	37	38	39	40	47	48	49	50	57	58	59	60	67	68	69	70								
	126	127	128	129	130	216	217	218	219	220	347	348	349	350	357	358	359	360	446									
	1	2	3	4	6	7	8	11	12	16	22	23	24															
	37	38	39	40	47	48	49	50																				
	367	368	369	370	377	378	379	380	327	328	329	330	337	338	339	340	446	575	577	579	580	585	587
Hieu thuoc Thanh Thi	1	2	3	4	6	7	8	9	11	12	16	22	23	24	5	10	15											
	27	28	29	30	37	38	39	40	77	78	79	80	106	107	108	109	110	574	578	576	586	581	582	584
	307	308	309	310	317	327	328	329	330	236	237	238	239	240	246	247	248	249	250	446								
	2	3	4	6	7	8	11	12	16	22	23	24																
	27	28	29	30	37	38	39	40	77	78	79	80	574	578	576	586	581	582	584
	257	258	259	446	267	268	269	270	277	278	279	280	287	288	289	290	297	298	299	300								
	2	3	4	6	7	8	11	12	16	22	23	24																
	31	41	51	61	71	81	111	112																				
	136	137	138	139	140	176	178	179	180	226	227	228	229	230	446													
	2	3	4	6	7	8	11	12	16	22	23	24																
	26	36	46	56	66	76																						
	156	157	186	187	256	257	276	277	306	307	316	317	346	356	366	376	446											
	1	2	6	7	16	21	22																					
	26	36	46	56	66	76																						
	156	157	186	187	256	257	276	277	306	307	316	317	346	356	366	376	446											
	1	2	6	7	16	21	22																					
	26	36	46	56	66	76																						
	156	157	186	187	256	257	276	277	306	307	316	317	346	356	366	376	446											
	1	2	6	7	16	21	22																					
	35	45	55	65	75	85																						
	446																											
	4	5	9	10	13	14	25																					
	26	36	46	56	66	76																						
	156	157	186	187	256	257	276	277	306	307	316	317	346	356	366	376	446											
	1	2	6	7	16	21	22																					
	26	36	46	56	66	76																						
	156	157	186	187	256	257	276	277	306	307	316	317	346	356	366	376	446											
Ngo Than Y	1	2	6	7	16	21	22																					
	35	45	55	65	75	85																						
	446																											
	4	5	9	10	13	14	25																					
	386	387	388	389	390	391	392	393	394	395																		
	396	397	398	399	400	401	402	403	404	405																		
	406	407	408	409	410	411	412	413	414	415																		
	416	417	418	419	420	421	422	423	424	425																		
	426	427	428	429	430	431	432	433	434	435																		
	416	417	418	419	420	421	422	423	424	425	573
	406	407	408	409	410	411	412	413	414	415	572
	447																											
	76	77	78	79	80	81	82	83	84	85																		
	186	187	188	189	190	191	192	193	194	195	446	286	290	291	292	293												
	1	2	3	4	5	6	7	8	9	10	11	12	13	14	15	21	22	23	24	25								
	106	107	108	109	110	111	112	113	114	115																		
	146	147	148	149	150	151	152	153	446																			
	1	2	3	4	6	7	8	11	12	16	22	23	24															
	66	67	68	69	70	71	72	73	56	57	58	59	60	60	62	63												
	156	157	158	159	160	161	162	163	446	256	257	258	259	260	261	262	263											
	1	2	3	4	6	7	8	11	12	16	22	23	24															
	26	27	28	29	30	31	32	33	36	37	38	39	40	41	42	43												
	146	147	148	149	150	151	152	153	446																			
	1	2	3	4	6	7	8	11	12	16	22	23	24															
	26	27	28	29	30	31	32	33																				
	126	127	128	129	130	131	132	133	446	196	197	198	199	200	201	202	203											
	1	2	3	4	6	7	8	11	12	16	22	23	24															
	76	77	78	79	80	81	82	83																				
	186	187	188	189	190	191	192	193	196	197	198	199	200	201	202	203	446											
	1	2	3	4	6	7	8	11	12	16	22	23	24															
	66	67	68	69	70	71	72	73	56	57	58	59	60	60	62	63												
	116	117	118	119	120	121	122	123																				
	1	2	3	4	6	7	8	11	12	16	22	23	24															
	46	47	48	49	50	51	52	53																				
	166	167	168	169	170	171	172	173	446																			
	1	2	3	4	6	7	8	11	12	16	22	23	24															
	26	27	28	29	30	31	32	33	36	37	38	39	40	41	42	43												
	126	127	128	129	130	131	132	133	446	196	197	198	199	200	201	202	203											
	1	2	3	4	6	7	8	11	12	16	22	23	24															
	46	47	48	49	50	51	52	53	36	37	38	39	40	41	42	43												
	146	147	148	149	150	151	152	153	446																			
	1	2	3	4	6	7	8	11	12	16	22	23	24															
	448																											
	449																											
	26	36	46	56	66	76																						
	156	157	186	187	256	257	276	277	306	307	316	317	346	356	366	376	446											
	1	2	6	7	16	21	22																					
	26	36	46	56	66	76																						
	156	157	186	187	256	257	276	277	306	307	316	317	346	356	366	376	446											
	1	2	6	7	16	21	22																					
	26	36	46	56	66	76																						
	156	157	186	187	256	257	276	277	306	307	316	317	346	356	366	376	446											
	1	2	6	7	16	21	22																					
Tèng Kim	632	633	634	635	636	637	638	639	640	641	642	643	644	645	646	647	648	649	650	651	652							
Liªn §Êu	671	672	673	674	675	676	677	678	679	680	681	682	683	684	685	686	687	688	689	690	691	692	693	694	695			
Phóc Duyªn	653	654	655	656	657	658	659	660	661	662	663	664	665	666	667	668	669	670										
Sù KiÖn	622	623	700	701	711	745	746	747	748	715
Th«ng Th­êng	621	631	696	697	704	705	706	707	708	709	712	713	714															
B¶o Th¹ch	624	625	626	627																								
MËt TÞnh	717	718	719	720	721	722	723	724	725	726	727	728	729	730	731	732	733	734	735	736	737	738	739	740	741	742	743	744
M· Bµi	628	699																										
MÆt N¹ 	629	630																										
Tèng Kim	749	750	751	752	753	754	755	756	757	758	759	760	751	762	763	764	765	766	767	768	769	