# datau_toado.txt - TOA DO CUM QUAI CAC MAP NHIEM VU DA TAU
# SINH TU DONG boi ReverseTools/gen_datau_spots.py - doc file add NPC cua
# may chu trong pak (\maps\<map>\v_NNN\NNN_Region_S.dat).
# Auto Da Tau (CoreClient.dll) nap tep nay luc chay de biet cho nao co quai
# ma chay toi danh - sua tay duoc, khong can dung lai DLL.
#
# Cot:  MapID <tab> X <tab> Y <tab> SoQuai      (X/Y = MPS tuyet doi)
# Dong bat dau bang # la chu thich.
# LUU Y KHI SUA TAY:
#   - Luu bang ANSI (KHONG phai UTF-8) - tep co dau UTF-8 se hong dong dau.
#   - Cac dong CUNG MOT MapID nen de LIEN TIEP nhau cho de doc.
#   - Toa do lay tu VI TRI CON QUAI THAT (khong phai tam hinh hoc) nen
#     chac chan khong roi vao o vat can.

# ---- map 1: Ph­îng T­êng (1344 quai, neo nhiem vu 48896,87456) [DANG BAT]
1	46592	89540	7
1	48574	92677	7
1	43335	88935	8
1	51021	92908	7
1	42724	90690	8
1	55488	89856	7
1	45599	94872	7
1	43470	93734	8
1	42329	92736	8
1	43646	95882	7
1	44645	96560	8
1	57733	95740	7
1	42352	98742	8
1	43204	99864	8
1	43664	105816	8
1	42610	105934	8
1	44407	108072	8
1	43307	108046	11
1	43694	108864	9
1	54795	109065	9
1	56000	109984	8
1	53788	110884	14
1	43575	111077	9
1	42464	111232	9
# ---- map 2: Hoa S¬n (693 quai, neo nhiem vu 73184,130944) 
2	75328	129536	8
2	75589	128834	7
2	75971	128271	8
2	77178	127247	9
2	78600	129794	9
2	79334	127616	8
2	80385	127360	7
2	74109	121335	8
2	83106	128266	7
2	82354	123282	7
2	81621	122132	10
2	80235	120403	11
2	82791	122249	8
2	82441	121303	12
2	82507	120547	9
2	82316	119372	7
2	82304	118304	9
2	82690	117414	7
2	83413	117107	7
2	83124	116593	8
2	77408	113088	7
2	74907	112033	8
2	77209	111047	10
2	81286	112082	9
# ---- map 3: T©y B¾c KiÕm C¸c Thôc §¹o (338 quai, neo nhiem vu 29824,130432) 
3	32480	128640	5
3	26072	130936	5
3	26000	129930	5
3	32768	126752	4
3	29410	124030	4
3	32256	124288	5
3	25952	123488	4
3	35040	124320	5
3	31872	122304	4
3	34784	123584	4
3	35126	123359	5
3	30144	121376	5
3	27864	121188	4
3	32288	121248	4
3	28992	120576	4
3	34488	121524	4
3	36032	121248	4
3	32224	119584	4
3	27385	119411	4
3	31328	119007	4
3	30288	118833	4
3	25951	119197	4
3	35328	119136	4
3	34144	117984	5
# ---- map 4: KiÕm C¸c Thôc §¹o Kim Quang ®éng (230 quai, neo nhiem vu 57504,97856) 
4	57938	99742	4
4	55968	99520	4
4	54999	95621	3
4	54244	99715	4
4	55804	93380	4
4	52802	95203	3
4	52704	100544	6
4	57097	103522	4
4	50774	95672	4
4	50755	100627	4
4	53693	91354	3
4	50745	94015	4
4	52576	90688	3
4	51968	90368	3
4	50912	90752	3
4	51552	105600	4
4	49376	92298	3
4	48857	93133	3
4	46880	97888	5
4	47840	92768	4
4	46592	93504	4
4	45828	95439	3
4	45623	95077	4
4	43584	96544	4
# ---- map 5: Kinh Hoµng ®éng KiÕm C¸c Thôc §¹o (182 quai, neo nhiem vu 58304,111136) 
5	56852	112308	3
5	54680	111786	4
5	55811	114101	3
5	54688	112992	3
5	57011	115459	3
5	54448	108757	3
5	53653	112075	3
5	53005	110777	3
5	55659	116199	4
5	54944	105664	3
5	51794	112252	3
5	51680	110944	3
5	50533	110962	3
5	51808	115456	4
5	52774	117138	4
5	49024	111136	3
5	49696	115168	4
5	50368	105792	6
5	48822	113353	3
5	49888	116448	4
5	48832	105984	4
5	46784	112064	4
5	46304	110336	3
5	45415	108954	3
# ---- map 6: KiÕm C¸c Thôc §¹o Táa V©n ®éng (229 quai, neo nhiem vu 44288,105152) 
6	45600	106112	4
6	45261	106783	5
6	42080	103872	6
6	44704	101824	5
6	46544	108120	5
6	47785	106771	7
6	48064	102720	4
6	44744	109734	5
6	47770	102057	5
6	49634	105833	5
6	48177	110172	4
6	49205	109253	5
6	48721	100448	5
6	50747	103909	4
6	50023	100526	4
6	50735	100894	6
6	51687	108885	5
6	51030	110172	4
6	49570	112131	7
6	49651	98227	5
6	52998	103950	4
6	49979	98420	3
6	51929	99980	4
6	50944	98698	5
# ---- map 7: §Þa BiÓu TÇn L¨ng (274 quai, neo nhiem vu 77344,84192) 
7	76445	85176	5
7	76079	83362	7
7	78368	85600	7
7	75743	85197	5
7	76288	82528	9
7	79360	85376	5
7	79684	84367	7
7	75034	83479	6
7	75300	82710	7
7	78326	86549	7
7	80192	83520	8
7	80351	84390	5
7	74338	84491	6
7	74272	83264	8
7	80463	85254	8
7	74246	82469	13
7	74877	81463	7
7	77344	80384	9
7	73375	83610	5
7	75074	87506	6
7	74272	81184	7
7	73440	82304	6
7	82163	85382	6
7	72552	82791	5
# ---- map 8: tÇng 1 TÇn L¨ng (189 quai, neo nhiem vu 51296,111904) 
8	50529	112795	5
8	51433	109980	7
8	51940	109380	4
8	50639	108187	4
8	52861	108060	7
8	47488	110179	5
8	53408	108000	7
8	46786	110867	4
8	46627	109810	9
8	48768	107392	4
8	52418	106844	4
8	46503	108972	6
8	52024	106201	4
8	45749	110019	5
8	49456	105958	5
8	47476	106112	4
8	53514	104856	6
8	52608	103904	7
8	47142	104839	4
8	49880	103668	5
8	46828	104624	4
8	51835	103101	3
8	52587	103076	4
8	48377	103018	10
# ---- map 9: Tr­êng Giang Nguyªn §Çu (358 quai, neo nhiem vu 79296,182112) 
9	78427	181490	5
9	78187	184248	4
9	78272	185888	6
9	75200	183581	4
9	76399	178711	6
9	77206	186708	5
9	75043	185799	5
9	78963	187839	5
9	78464	187840	5
9	80312	188058	6
9	75168	186944	5
9	76041	187804	5
9	79639	188998	6
9	74369	187883	5
9	78432	189792	5
9	74147	188613	5
9	75519	189975	5
9	77283	190810	5
9	71200	185920	6
9	76480	191712	5
9	72301	189839	7
9	69279	189671	5
9	74048	194085	6
9	68007	191006	5
# ---- map 10: Nh¹n Th¹ch ®éng (266 quai, neo nhiem vu 51296,102688) 
10	52535	103342	4
10	52842	101691	9
10	53457	102618	6
10	51552	99840	6
10	53820	100743	10
10	54570	103924	7
10	55625	102557	6
10	55936	101824	4
10	55544	105168	8
10	54816	98496	6
10	53742	97585	5
10	53712	97205	5
10	56773	98728	8
10	57913	104080	10
10	56884	98100	4
10	58672	102167	5
10	55881	95837	9
10	59840	101984	5
10	59034	98847	4
10	59781	100735	10
10	59141	96847	7
10	61184	100864	7
10	57852	94612	9
10	56650	93576	8
# ---- map 11: Thµnh §« (682 quai, neo nhiem vu 99200,154304) [DANG BAT]
11	98960	154222	10
11	98805	155107	8
11	95844	152993	10
11	102112	152155	11
11	102873	153158	9
11	103744	154144	8
11	103697	155278	9
11	103300	152073	11
11	103751	152145	9
11	92640	156992	11
11	107040	155814	8
11	91788	157417	12
11	107161	153152	9
11	92876	160233	9
11	108274	156231	9
11	91635	160215	10
11	107849	160200	8
11	108256	161088	9
11	91640	164672	9
11	107270	165417	11
11	95835	168309	9
11	96700	170241	9
11	97841	170515	11
11	103680	170336	9
# ---- map 12: §Þa ®¹o hËu viÖn TÝn T­íng tù (46 quai, neo nhiem vu 50848,102016) 
12	52063	101660	2
12	51776	103104	3
12	53984	103520	3
12	54560	102752	3
12	55424	100896	2
12	53792	105856	2
12	56448	101216	2
12	55424	106624	2
12	56416	105568	2
12	55872	106464	2
12	56928	104928	3
12	58564	101559	2
12	59072	102656	3
# ---- map 13: Nga My ph¸i (548 quai, neo nhiem vu 59744,160672) 
13	57856	161280	9
13	57827	158726	5
13	57027	160167	6
13	56606	162080	7
13	56548	159022	8
13	56168	161368	6
13	64863	160522	7
13	54869	162319	7
13	53532	160636	7
13	66025	158688	5
13	66464	161408	6
13	67872	158496	5
13	60817	169205	6
13	69089	161180	12
13	69011	162065	8
13	68960	156864	5
13	70208	161372	9
13	70272	160160	8
13	69848	156015	5
13	71317	159261	5
13	71158	158156	6
13	71820	158451	5
13	71456	156288	5
13	72287	156149	5
# ---- map 14: M·nh Hæ ®éng (49 quai, neo nhiem vu 50848,102944) 
14	51665	102539	2
14	51474	103938	3
14	52064	101463	2
14	52864	103712	2
14	53747	103192	2
14	53768	103985	3
14	53994	105073	3
14	55072	103168	4
14	54432	105632	2
14	55552	102799	2
14	55008	105216	4
14	55904	104992	2
14	56352	102624	2
14	56404	104062	2
14	56448	105152	6
14	57440	102944	4
# ---- map 15: Gi¶ng Kinh §­êng (0 quai, neo nhiem vu 50816,102400) 
# ---- map 16: Nga Mi TiÒn ®iÖn (0 quai, neo nhiem vu 51040,101760) 
# ---- map 17: Nga Mi ChÝnh ®iÖn (0 quai, neo nhiem vu 50944,102752) 
# ---- map 18: Nga Mi Ph¸i T¶ Thiªn §iÖn (0 quai, neo nhiem vu 51456,102112) 
# ---- map 19: T©y Nam KiÕm C¸c Thôc §¹o (828 quai, neo nhiem vu 111552,130240) 
19	107214	130414	7
19	109952	125696	8
19	105898	128748	7
19	108181	125297	9
19	110168	124331	9
19	106017	125741	8
19	103760	132502	12
19	103072	131872	7
19	102698	129494	8
19	103993	125259	9
19	103871	124425	7
19	101660	128668	12
19	102042	133604	8
19	101725	132637	14
19	101895	124427	10
19	101887	123178	9
19	104874	119108	10
19	100784	122180	9
19	110190	116623	8
19	99200	122464	7
19	101826	119329	8
19	101138	119281	7
19	104850	116094	10
19	107153	111979	8
# ---- map 20: Giang T©n Th«n (636 quai, neo nhiem vu 118432,199424) 
20	119137	198256	7
20	116538	201063	8
20	118208	203386	6
20	116343	203334	6
20	116321	194867	7
20	122662	196507	6
20	120064	194240	7
20	122171	195243	6
20	113023	194949	6
20	116141	206244	7
20	114915	206131	6
20	120251	191029	5
20	111328	193920	6
20	119190	189759	5
20	113079	191151	5
20	115997	189103	5
20	118320	188521	5
20	111942	189759	5
20	118263	186557	7
20	112786	185946	7
20	109872	186710	7
20	112256	183936	6
20	110240	183712	7
20	113293	180512	5
# ---- map 21: Thanh Thµnh S¬n (812 quai, neo nhiem vu 71904,125536) [DANG BAT]
21	75408	128324	7
21	68288	119488	6
21	66290	132357	5
21	67142	133444	5
21	63827	131574	5
21	66784	134432	6
21	61676	126419	5
21	63049	134743	7
21	81236	134730	5
21	58676	124353	5
21	65152	138656	6
21	86787	126390	5
21	78368	112000	5
21	59904	134560	6
21	87744	126400	6
21	56699	120274	6
21	62062	138910	6
21	55849	119238	5
21	87808	133792	5
21	90592	121056	5
21	90912	119232	5
21	82688	107776	5
21	92687	118475	5
21	82304	104992	6
# ---- map 22: B¹ch V©n ®éng (267 quai, neo nhiem vu 56064,107904) 
22	54880	106929	6
22	54844	105917	8
22	58658	105744	5
22	53610	103961	6
22	57876	103210	5
22	55885	102760	7
22	56741	101763	6
22	52480	102656	8
22	60244	102833	6
22	56597	100989	4
22	52669	101852	5
22	57688	100946	8
22	62022	102774	5
22	56105	99991	6
22	56583	99616	4
22	60035	100579	4
22	53649	99758	8
22	58783	99452	4
22	55975	98792	7
22	58658	99081	5
22	54824	98619	5
22	57536	97914	6
22	55801	97570	5
22	55967	97151	4
# ---- map 23: ThÇn Tiªn ®éng (213 quai, neo nhiem vu 54720,98464) 
23	56058	98567	4
23	56489	98455	4
23	55840	100008	4
23	56857	99469	4
23	53678	101104	7
23	56845	100684	5
23	58206	98626	4
23	54979	102580	5
23	51692	101630	5
23	56835	102307	5
23	59367	99747	6
23	53092	103063	5
23	56909	102842	4
23	59684	99995	5
23	53957	103951	6
23	57908	103099	5
23	52495	104089	7
23	59712	101984	4
23	54690	104779	4
23	56774	104528	5
23	57655	105715	4
23	54779	106299	5
23	61888	102688	4
23	58665	106103	7
# ---- map 24: H­ëng Thñy ®éng (718 quai, neo nhiem vu 54144,102048) 
24	55802	103732	10
24	53075	104204	6
24	55960	98742	6
24	54931	106003	6
24	55517	97989	6
24	57840	98860	7
24	59172	100106	6
24	59030	104805	6
24	57997	96651	6
24	57808	108975	6
24	59543	108039	6
24	58661	94879	7
24	63105	98064	6
24	64193	105290	7
24	63678	97027	6
24	64921	95196	6
24	65951	108026	6
24	62756	91857	8
24	67690	99979	6
24	68144	101726	7
24	68191	101220	6
24	69031	103791	9
24	70025	102106	8
24	71318	104255	6
# ---- map 25: §­êng M«n (891 quai, neo nhiem vu 113024,184640) 
25	116256	180800	7
25	119151	182768	9
25	118336	180960	7
25	122686	175593	7
25	123324	170431	8
25	121504	161088	6
25	130463	160321	11
25	131563	160304	8
25	132433	160288	11
25	131558	159417	8
25	130647	158118	6
25	127356	156177	7
25	131523	157291	7
25	135744	160384	9
25	134715	156054	6
25	134048	155456	6
25	135392	156032	6
25	137649	154242	10
25	133760	149984	7
25	133403	149059	8
25	134559	148937	6
25	137988	151107	9
25	136807	149053	9
25	135859	148013	7
# ---- map 26: Tróc T¬ ®éng tÇng 1 (33 quai, neo nhiem vu 51296,102720) 
26	50516	103245	4
26	49568	102848	4
26	48578	103150	3
26	48610	103818	6
26	47328	103872	4
26	47808	105152	4
26	47456	105792	3
# ---- map 27: Tróc T¬ ®éng tÇng 2 (25 quai, neo nhiem vu 51424,102656) 
27	50551	101993	7
27	50561	103412	3
27	49782	101728	4
27	49027	102856	2
27	48832	101280	4
27	48672	101632	4
# ---- map 28: Tróc T¬ ®éng tÇng 3 (0 quai, neo nhiem vu 49632,102144) 
# ---- map 29: §­êng M«n ¸m KhÝ Phßng (0 quai, neo nhiem vu 51328,102432) 
# ---- map 30: §­êng M«n Háa KhÝ Phßng (0 quai, neo nhiem vu 51104,102560) 
# ---- map 31: §­êng M«n Vâ C«ng Phßng (0 quai, neo nhiem vu 51520,102688) 
# ---- map 32: §­êng M«n Y D­îc Phßng (0 quai, neo nhiem vu 51040,102560) 
# ---- map 33: §­êng M«n §¹i S¶nh (0 quai, neo nhiem vu 51072,102816) 
# ---- map 34: §­êng M«n NghÞ Sù phßng (0 quai, neo nhiem vu 51168,102752) 
# ---- map 35: §­êng M«n ChÝnh Phßng (0 quai, neo nhiem vu 51136,102656) 
# ---- map 36: §­êng M«n TÕ Tæ ®­êng (0 quai, neo nhiem vu 50944,102176) 
# ---- map 37: BiÖn Kinh (3030 quai, neo nhiem vu 66592,79264) [DANG BAT]
37	66072	80255	11
37	55690	79703	10
37	55695	78221	10
37	53931	81522	10
37	66155	92572	10
37	51864	75133	10
37	49665	79224	10
37	65898	99971	10
37	39242	94711	10
37	57785	110872	11
37	48614	107849	11
37	49906	108929	10
37	47706	107768	10
37	55716	112275	11
37	45537	107297	10
37	47712	109088	10
37	56061	113074	10
37	54762	113039	10
37	45496	109195	13
37	59853	115406	10
37	47636	112138	11
37	48725	113227	10
37	58822	118226	12
37	46468	114305	10
# ---- map 38: tÇng 1 Mª cung ThiÕt th¸p  (126 quai, neo nhiem vu 54464,100288) 
38	55284	100765	2
38	54912	99380	4
38	53444	99965	2
38	55538	100633	4
38	54697	99181	3
38	53531	101060	4
38	55767	100038	10
38	53602	98725	8
38	55752	101754	4
38	54838	102357	3
38	56874	100423	4
38	54748	97877	7
38	53089	98052	3
38	52301	98659	3
38	51699	100614	4
38	56832	98688	2
38	53898	103124	7
38	51557	99777	4
38	55573	97524	4
38	51648	99219	2
38	53666	97374	4
38	57006	102000	5
38	57789	99614	9
38	54784	103793	6
# ---- map 39: tÇng 2 Mª cung ThiÕt th¸p (75 quai, neo nhiem vu 54080,97024) 
39	55377	98250	2
39	54085	99050	5
39	55647	98366	3
39	51871	97379	4
39	52320	98976	4
39	55469	100266	2
39	51488	99887	4
39	53112	100979	5
39	50446	98987	5
39	53353	101186	2
39	56015	100926	5
39	52834	101377	2
39	53664	101632	2
39	51627	101201	2
39	51619	101572	3
39	54937	102234	5
39	50336	101184	3
39	50336	101471	3
39	51840	102880	3
39	53504	103424	2
# ---- map 40: tÇng 3 Mª cung ThiÕt th¸p (116 quai, neo nhiem vu 53376,100256) 
40	53373	101200	2
40	53513	101486	3
40	54448	99558	3
40	52059	100914	7
40	53478	98629	5
40	51301	100032	2
40	52006	98618	3
40	52338	98322	2
40	51502	101719	3
40	52576	102624	7
40	52729	97635	10
40	50624	100787	9
40	54336	102944	3
40	54249	103058	4
40	56233	99501	4
40	50368	100160	2
40	51580	97832	6
40	56354	99605	2
40	51808	102880	3
40	56252	99031	4
40	50773	102131	4
40	50396	98937	8
40	56455	99082	5
40	50014	99402	2
# ---- map 41: Phôc Ng­u S¬n T©y (447 quai, neo nhiem vu 66496,89728) 
41	67985	91997	8
41	69442	91623	6
41	67139	93636	8
41	70213	91391	6
41	63079	92421	6
41	63684	93961	7
41	69110	94459	8
41	71101	96146	6
41	69041	97817	10
41	64945	99097	7
41	63875	98905	7
41	58920	96404	7
41	64048	99572	7
41	57006	96049	6
41	59897	99660	8
41	55901	96555	6
41	53898	100769	7
41	56854	103760	9
41	53578	101792	9
41	56893	105945	10
41	51912	102730	10
41	55822	108025	8
41	52519	109155	7
41	53854	110323	7
# ---- map 42: Thiªn T©m ®éng (172 quai, neo nhiem vu 52736,99808) 
42	51389	99764	5
42	51505	101228	5
42	50848	98912	6
42	52354	101913	5
42	50735	100927	5
42	54172	97995	4
42	52895	97489	6
42	55065	99701	6
42	50894	98044	4
42	52727	96707	6
42	49600	100166	5
42	50533	96854	4
42	49546	101807	6
42	52837	96032	4
42	52146	95666	6
42	48611	101629	7
42	48365	101052	8
42	52836	94601	5
42	49793	95489	8
42	50704	94742	5
42	51931	94345	5
42	54624	94393	5
42	51416	94097	4
42	50313	93427	6
# ---- map 43: KiÕm C¸c Trung Nguyªn (363 quai, neo nhiem vu 53536,86816) 
43	50593	88571	8
43	49738	89737	6
43	57692	89732	8
43	48662	89708	7
43	59138	90586	5
43	58719	91573	6
43	58781	92339	5
43	57690	93583	6
43	52828	95455	5
43	53863	95669	8
43	55990	95946	7
43	49452	95644	7
43	53619	96883	6
43	58114	95852	6
43	52852	97690	5
43	51694	97849	6
43	51096	98067	5
43	57854	97579	13
43	50777	98547	5
43	49879	98959	8
43	55648	99648	5
43	54995	100892	7
43	57772	101107	8
43	55833	102837	6
# ---- map 45: Thiªn NhÉn Gi¸o (121 quai, neo nhiem vu 49888,103872) 
45	49897	102525	3
45	50886	104803	3
45	51456	103938	5
45	50016	102176	3
45	50191	101554	3
45	49664	100896	3
45	52995	104031	4
45	52802	102693	4
45	50495	100732	4
45	51571	100799	4
45	52961	102100	3
45	53619	104557	3
45	49639	100040	3
45	53696	102848	3
45	51513	100099	4
45	54085	101815	8
45	53792	100880	6
45	50432	98944	6
45	54816	103200	5
45	51825	99080	4
45	54664	101227	4
45	51071	98162	2
45	52935	98709	3
45	54383	98986	4
# ---- map 46: Thiªn NhÉn Gi¸o Néi ThÊt (38 quai, neo nhiem vu 51552,102432) 
46	52633	102781	5
46	51416	101272	3
46	52320	103456	2
46	50576	101561	3
46	53248	101760	2
46	53664	102400	2
46	49935	100854	3
46	52966	100597	4
46	52608	100256	2
46	50700	99941	4
46	54048	100864	2
# ---- map 47: Thiªn NhÉn Gi¸o Néi ThÊt T¶  (44 quai, neo nhiem vu 51392,97728) 
47	50528	98080	2
47	49957	98005	4
47	49544	98696	2
47	50636	100116	3
47	49441	99526	7
47	50944	100384	3
47	48537	97568	5
47	48364	98802	4
47	51584	101053	3
47	47904	98016	2
47	48000	98976	2
47	50298	101810	2
47	49958	101704	3
# ---- map 48: Thiªn NhÉn Gi¸o Néi ThÊt H÷u (27 quai, neo nhiem vu 53504,100416) 
48	52618	100949	3
48	51686	100854	4
48	50592	100064	3
48	50456	101925	6
48	50021	101730	2
48	49888	99296	2
48	49520	99956	4
# ---- map 49: Thiªn NhÉn Gi¸o Néi ThÊt (0 quai, neo nhiem vu 51456,102144) 
# ---- map 50: ThÊt S¸t ®éng (122 quai, neo nhiem vu 45600,102944) 
50	46763	102657	2
50	46442	104021	2
50	46946	101811	4
50	47456	103904	5
50	47712	102912	6
50	47839	101876	8
50	47602	101122	3
50	48213	103676	5
50	47623	104921	3
50	48909	103163	6
50	48759	101654	2
50	48775	100927	11
50	48800	105216	3
50	48672	105568	3
50	49660	103210	4
50	49924	103771	3
50	49928	102022	10
50	49888	100939	4
50	50296	104010	6
50	50112	104640	2
50	50731	103029	7
50	50784	101632	3
50	51840	103072	8
50	52382	103341	2
# ---- map 51: Thiªn NhÉn gi¸o Th¸nh ®éng (173 quai, neo nhiem vu 53312,105312) 
51	53773	104380	3
51	52428	104194	6
51	55015	106807	3
51	55754	104147	4
51	53632	102560	2
51	56161	104644	3
51	51360	102976	2
51	53718	101726	12
51	55265	102259	2
51	56477	103292	2
51	51735	101650	8
51	55485	101948	15
51	52159	101250	5
51	57422	106898	3
51	57828	104038	10
51	58628	105819	4
51	53475	99906	11
51	57504	101728	6
51	55685	100053	11
51	54625	98688	3
51	59104	101792	6
51	57146	99500	6
51	60106	102640	6
51	60854	103526	3
# ---- map 52: Thiªn NhÉn gi¸o Th¸nh ®éng (56 quai, neo nhiem vu 51744,104352) 
52	52832	105088	2
52	53408	104160	2
52	54496	104800	2
52	54432	102976	3
52	54496	106912	2
52	55520	101824	3
52	57024	104633	2
52	58400	103712	2
52	57536	107808	2
52	58432	105856	2
52	56469	99056	2
52	57475	99434	2
52	59107	101973	3
52	60352	105600	2
# ---- map 53: Ba L¨ng huyÖn (812 quai, neo nhiem vu 42944,107072) [DANG BAT]
53	45615	109204	7
53	46397	108905	8
53	45543	110113	11
53	47699	105003	7
53	47563	109970	9
53	47808	104224	8
53	48415	109067	7
53	48581	109846	9
53	49802	109187	9
53	49753	109893	12
53	50746	106894	7
53	51894	105984	8
53	51591	110009	9
53	52782	109223	8
53	52763	109947	15
53	53809	109944	8
53	45455	95861	7
53	45864	93465	6
53	46645	93518	6
53	55742	100986	7
53	53507	96901	8
53	54133	95631	8
53	53540	93741	7
53	56933	93731	8
# ---- map 54: Nam Nh¹c trÊn (146 quai, neo nhiem vu 51776,95008) 
54	50387	95120	3
54	50449	95693	6
54	50296	96721	5
54	49566	95551	7
54	49271	96791	6
54	48696	95828	5
54	48937	96680	6
54	47750	96048	3
54	48736	98137	3
54	47690	96593	5
54	49258	98897	3
54	47801	97599	5
54	48506	99232	5
54	46752	96904	7
54	47686	99078	6
54	46336	97760	5
54	47488	99805	6
54	46361	98950	5
54	48258	100895	4
54	47456	100704	6
54	46868	100879	4
54	47395	101884	5
54	48754	102823	8
54	47894	103018	5
# ---- map 55: §µo Hoa Nguyªn (411 quai, neo nhiem vu 55328,105024) 
55	55494	106862	5
55	54710	107809	5
55	55759	108205	11
55	52862	107230	5
55	50356	108198	5
55	54886	97746	7
55	48742	108253	6
55	53024	97856	5
55	47642	105833	7
55	46961	108278	7
55	51185	96933	5
55	52618	96168	5
55	46775	108797	5
55	47488	99840	5
55	48032	97600	5
55	48704	96960	5
55	54053	94645	5
55	55822	94574	5
55	54932	94540	10
55	50874	94638	6
55	46821	96969	5
55	46655	95678	6
55	47846	94601	6
55	46784	94592	10
# ---- map 56: Hoµnh S¬n (181 quai, neo nhiem vu 51008,102720) 
56	51922	101583	5
56	49402	102053	5
56	50655	100983	8
56	52641	101959	6
56	53012	102799	7
56	51769	100694	6
56	48848	102880	5
56	53302	102843	3
56	51688	104928	5
56	50745	105148	6
56	48436	104077	4
56	50368	105856	4
56	51417	106104	4
56	47590	104798	5
56	51118	106761	5
56	49822	106895	7
56	50654	107846	5
56	48315	109102	4
56	49312	110133	6
56	47174	110153	5
56	49752	111002	4
56	46593	111285	7
56	48530	112301	5
56	46671	112052	4
# ---- map 57: Hoµnh S¬n ®¹i ®×nh (0 quai, neo nhiem vu 50752,102464) 
# ---- map 58: §éc C« KiÕm Ngäa thÊt (0 quai, neo nhiem vu 51456,102144) 
# ---- map 59: Thiªn V­¬ng Bang (362 quai, neo nhiem vu 45600,111104) 
59	47539	103249	7
59	53781	108331	8
59	52697	105902	7
59	52562	104796	7
59	53976	103809	8
59	49017	99845	6
59	58004	104140	6
59	58902	102490	10
59	59788	103730	6
59	58534	100799	7
59	60626	102979	12
59	58730	98939	10
59	60044	99802	7
59	58038	97563	5
59	61387	100712	6
59	59041	97569	9
59	61772	100803	8
59	57423	95704	5
59	60827	97583	6
59	58947	95720	6
59	62112	98942	6
59	58734	95167	5
59	60127	96059	5
59	62046	96709	5
# ---- map 60: Thiªn V­¬ng Bang  (0 quai, neo nhiem vu 51008,102176) 
# ---- map 61: Thiªn V­¬ng §¹i ®iÖn (0 quai, neo nhiem vu 50912,102528) 
# ---- map 62: Thiªn V­¬ng §¹i ®iÖn (0 quai, neo nhiem vu 51552,102464) 
# ---- map 65: Thiªn V­¬ng ®¶o s¬n ®éng (169 quai, neo nhiem vu 51072,104000) 
65	52716	103588	3
65	54567	104995	6
65	49061	100825	6
65	54368	101696	3
65	54637	101240	4
65	56064	102720	3
65	56384	102848	3
65	56125	101767	3
65	56774	100729	6
65	55938	99409	3
65	52626	97393	3
65	57671	101924	3
65	51776	97088	3
65	56003	98895	6
65	52673	97059	5
65	54720	97856	3
65	49568	96768	5
65	53376	96416	3
65	59051	103773	4
65	58752	101088	5
65	59051	102041	4
65	51342	94902	5
65	52677	94802	3
65	53505	94808	5
# ---- map 66: D­íi ®¸y §éng §×nh Hå  (107 quai, neo nhiem vu 51072,102368) 
66	51843	102448	4
66	52416	102466	2
66	53233	102180	2
66	51670	104874	5
66	52992	104128	4
66	53952	102656	2
66	53951	102031	4
66	53670	104591	2
66	54725	101646	5
66	54867	102842	8
66	50686	106308	2
66	50894	106762	5
66	51219	106814	4
66	54717	104960	3
66	55808	101632	4
66	54164	106116	4
66	55752	103754	3
66	56688	101160	3
66	57662	103906	7
66	58599	103904	2
66	58757	101800	5
66	58788	100598	5
66	59276	100328	3
66	59523	102867	3
# ---- map 67: D­íi ®¸y §éng §×nh Hå  (81 quai, neo nhiem vu 50912,102176) 
67	50595	101996	6
67	49871	103179	4
67	49862	103664	4
67	51623	100383	2
67	48708	102146	5
67	50995	99810	2
67	49175	99480	2
67	49970	98891	5
67	48349	99524	2
67	47258	102934	3
67	48436	98992	6
67	47290	100182	3
67	49059	98181	2
67	49268	97968	5
67	46095	101743	3
67	45656	100799	4
67	47643	97625	6
67	46155	98774	2
67	48560	96821	3
# ---- map 68: Thanh Loa ®¶o (105 quai, neo nhiem vu 49440,95104) 
68	49388	96006	2
68	50237	96511	2
68	47428	96752	2
68	51543	96894	4
68	49648	97922	7
68	50843	97810	4
68	48511	98046	4
68	47719	97823	5
68	47066	97549	2
68	46778	97274	2
68	51704	97737	4
68	48967	98607	2
68	49505	98841	2
68	52315	98829	2
68	49602	99989	3
68	51520	99802	3
68	52407	99773	3
68	48893	100856	4
68	49586	101068	5
68	47951	101140	3
68	51911	100920	7
68	48486	101678	5
68	47760	101787	5
68	51250	101790	3
# ---- map 69: Thanh Loa ®¶o s¬n ®éng (245 quai, neo nhiem vu 51200,102624) 
69	52484	102953	4
69	52436	101168	5
69	53942	102682	4
69	53734	104757	6
69	52527	99517	5
69	54839	103869	5
69	51673	98578	7
69	53995	99286	4
69	55464	100954	5
69	55823	103978	5
69	52829	97620	5
69	55895	99474	4
69	55750	106278	6
69	57090	104355	4
69	53674	96604	7
69	55729	97667	6
69	57102	106356	7
69	57248	107360	4
69	58063	106110	6
69	59679	100168	5
69	60256	103840	7
69	60744	102817	6
69	61088	106112	5
69	62990	104734	6
# ---- map 70: Vò L¨ng s¬n (428 quai, neo nhiem vu 52768,97600) 
70	50705	98080	5
70	53946	95401	5
70	51466	100649	5
70	48577	99803	6
70	57612	100736	9
70	55736	102900	5
70	54439	103895	5
70	59263	96837	5
70	46922	92700	5
70	44782	94867	5
70	61155	93371	7
70	50890	87471	4
70	42501	96685	5
70	47956	87837	4
70	49853	85474	4
70	42560	89012	4
70	45664	85469	4
70	39518	89647	5
70	44630	82313	4
70	39382	86396	5
70	38466	87517	5
70	40553	82884	5
70	37009	85549	4
70	43812	79382	4
# ---- map 71: B¹ch Thñy ®éng (76 quai, neo nhiem vu 55648,102656) 
71	54624	103008	3
71	53825	102677	4
71	53907	100672	5
71	52626	102468	3
71	52535	99721	2
71	51647	100734	6
71	51427	104584	3
71	50900	103711	7
71	50628	102192	4
71	51674	106115	3
71	51107	105418	3
71	52308	106958	4
71	52064	106816	2
71	52563	98051	4
71	51468	98794	4
71	51048	99036	4
71	49700	100809	3
71	53495	96452	5
# ---- map 72: §¹i Tï ®éng (175 quai, neo nhiem vu 51552,95008) 
72	50858	94592	8
72	51572	93860	7
72	50344	95361	5
72	52849	92785	7
72	53543	96741	7
72	52836	97769	5
72	49075	96824	3
72	49771	98554	4
72	51118	99060	3
72	51849	99151	6
72	50367	99682	3
72	47745	98156	3
72	52821	99922	3
72	47816	98704	6
72	49683	100365	3
72	51633	101009	7
72	53822	100624	6
72	52755	102627	4
72	57824	102195	3
72	54707	104040	4
72	51296	104896	4
72	58971	103032	5
72	57545	104990	5
72	59217	103845	10
# ---- map 73: Phôc L­u ®éng (128 quai, neo nhiem vu 51168,102720) 
73	52517	101070	3
73	48304	101666	3
73	50720	99616	4
73	48962	99480	3
73	52583	98863	5
73	49634	97373	3
73	51440	97094	3
73	46894	98634	4
73	55551	97333	3
73	51482	94999	3
73	45448	97098	5
73	53024	94624	3
73	49574	94462	5
73	46458	95234	3
73	46697	94876	3
73	52190	93682	3
73	47825	94099	5
73	48165	93797	2
73	49245	92659	3
73	48223	91559	4
73	48096	91360	2
73	50286	90822	3
73	49771	90309	2
73	48864	90048	2
# ---- map 74: ThÇn N«ng gi¸  (557 quai, neo nhiem vu 62304,99840) 
74	59838	97648	5
74	58991	98561	6
74	58154	100910	6
74	61613	104071	9
74	58556	103175	8
74	61939	106079	6
74	56807	102892	10
74	58681	105113	5
74	59654	106054	6
74	56752	104838	6
74	54026	105149	5
74	53579	105718	6
74	51722	102054	8
74	54707	108340	6
74	51017	102144	5
74	53857	108105	5
74	52646	107151	5
74	54665	110005	7
74	52437	107981	9
74	60903	114205	8
74	55824	113456	6
74	62707	115799	6
74	61048	116197	8
74	66173	115932	6
# ---- map 75: Kho¶ Lang ®éng (216 quai, neo nhiem vu 59904,98272) [DANG BAT]
75	58746	98767	5
75	57774	97738	8
75	60243	100639	7
75	58002	99810	5
75	58656	101024	5
75	56845	96809	7
75	58931	101870	8
75	55673	98153	7
75	55869	99814	11
75	56964	101535	7
75	58101	102281	4
75	54441	98620	6
75	54924	101086	7
75	57080	103705	7
75	53832	100220	8
75	54432	102016	4
75	53532	101881	5
75	55928	104914	8
75	52722	103585	5
75	51707	101983	10
75	53524	104895	5
75	54564	105935	6
75	50820	103073	5
75	52563	105936	7
# ---- map 76: S¬n B¶o ®éng (195 quai, neo nhiem vu 57472,94688) 
76	57016	96655	9
76	55549	97752	3
76	58941	98024	6
76	52758	95569	3
76	55838	99566	7
76	57761	100014	4
76	53578	98624	9
76	52583	97388	3
76	51584	96512	5
76	51066	93503	2
76	55216	102677	8
76	49824	98496	6
76	51114	100927	5
76	52340	102107	4
76	52823	102645	6
76	53891	103770	6
76	49752	101032	5
76	48784	100439	7
76	52027	103951	6
76	48849	101529	4
76	50349	103619	6
76	48979	103285	3
76	49472	103872	4
76	50547	104886	6
# ---- map 77: YÕn Tö ®éng (271 quai, neo nhiem vu 49568,101408) 
77	50064	104010	6
77	52547	103928	6
77	51456	105120	4
77	52766	104960	4
77	50301	107215	4
77	55143	104102	4
77	53589	106292	4
77	46383	107131	6
77	48672	110016	4
77	47968	111136	4
77	47421	111923	5
77	56425	109840	4
77	56081	110303	7
77	40658	107981	6
77	48390	112843	5
77	52085	112962	7
77	42208	110897	7
77	39183	108046	7
77	50703	114428	5
77	47781	114465	5
77	57760	111744	4
77	56000	113152	6
77	52650	115812	4
77	45674	116058	4
# ---- map 78: T­¬ng D­¬ng (1265 quai, neo nhiem vu 41568,111456) [DANG BAT]
78	41472	107756	9
78	43523	106926	10
78	46675	107075	11
78	47534	108025	9
78	48536	112069	10
78	48608	113184	10
78	49732	113245	10
78	44446	101747	10
78	51744	114336	15
78	52736	112352	10
78	44352	99776	10
78	42499	99149	9
78	44402	97787	10
78	55944	114335	10
78	45536	96704	12
78	56878	104930	9
78	54946	100856	9
78	58117	105152	9
78	56736	102080	10
78	50692	95553	11
78	53795	97699	12
78	58811	104857	11
78	57888	101888	9
78	59046	103973	9
# ---- map 79: T­¬ng D­¬ng mËt ®¹o (78 quai, neo nhiem vu 51168,102592) 
79	51903	102891	4
79	52656	102641	4
79	52863	102122	6
79	52907	103968	4
79	52998	100942	3
79	53644	101746	7
79	53795	104067	6
79	53925	100793	8
79	54020	104867	5
79	54964	101941	4
79	54966	103926	4
79	55238	102713	6
79	54689	104717	5
79	55452	104452	3
79	56064	103849	7
# ---- map 80: D­¬ng Ch©u (952 quai, neo nhiem vu 43040,107488) [DANG BAT]
80	46307	104904	13
80	47801	104206	11
80	48863	106051	10
80	48843	109110	12
80	47336	102726	9
80	49863	108986	10
80	50574	107767	11
80	50859	109121	11
80	51716	106070	11
80	58011	105858	12
80	58031	103753	11
80	58739	108220	10
80	58829	103870	12
80	49691	91776	9
80	51582	91506	10
80	62891	98111	9
80	64242	100017	11
80	59092	91639	9
80	60925	93707	12
80	62943	96608	9
80	59660	91603	11
80	61876	93674	9
80	63011	94919	10
80	63982	91599	10
# ---- map 81: Vâ §ang ph¸i (676 quai, neo nhiem vu 51840,115040) 
81	51909	111259	11
81	52776	109893	10
81	53740	110108	12
81	54955	110316	10
81	52036	107894	10
81	55868	108926	10
81	52909	107034	9
81	56689	107356	9
81	53516	105941	11
81	56909	106117	11
81	54825	104826	12
81	55728	105048	12
81	52828	104196	9
81	54753	103959	16
81	56763	104219	9
81	53822	103084	10
81	60044	103872	9
81	58933	102822	8
81	58951	101124	11
81	60656	101932	8
81	59931	100670	10
81	58936	99843	9
81	61078	101001	8
81	60841	95714	8
# ---- map 82: Mª cung ®¸y giÕng Vâ §ang ph¸i (438 quai, neo nhiem vu 50976,102176) 
82	49708	101146	7
82	54600	102875	6
82	49760	98624	5
82	52949	98975	7
82	48463	105303	6
82	55628	101154	6
82	50720	107136	7
82	50015	107060	7
82	48685	97600	6
82	54822	98250	5
82	55708	99075	5
82	49506	96604	5
82	50500	95997	5
82	54594	107240	7
82	44645	101745	7
82	52828	95824	5
82	44905	104977	6
82	45484	97967	5
82	44537	99538	5
82	47615	96026	6
82	51712	94784	7
82	51579	110058	6
82	50823	93652	8
82	42141	101881	7
# ---- map 83: Vâ §ang ph¸i Háa Lang ®éng (220 quai, neo nhiem vu 50688,103936) 
83	52502	102936	6
83	49762	101885	4
83	53004	105172	5
83	49835	100916	4
83	53643	101997	7
83	54474	102378	4
83	48384	99648	6
83	54682	100790	6
83	55604	101920	7
83	48645	98316	4
83	48455	97830	9
83	56704	100960	4
83	53711	97674	6
83	49664	96864	5
83	56027	98749	7
83	55100	96614	4
83	50485	95381	6
83	53899	95587	4
83	50453	94566	4
83	53816	93692	6
83	52627	92904	9
83	49845	92213	5
83	50513	91756	4
83	51648	90464	5
# ---- map 84: Tö Tiªu §¹i §iÖn Vâ §ang ph¸i (0 quai, neo nhiem vu 50880,102176) 
# ---- map 85: ThËp Ph­¬ng §iÖn Vâ §ang ph¸i (0 quai, neo nhiem vu 51104,102144) 
# ---- map 86: Phô MÉu §iÖn Vâ §ang ph¸i  (0 quai, neo nhiem vu 51392,102112) 
# ---- map 87: Long Hæ §iÖn Vâ §ang ph¸i (0 quai, neo nhiem vu 51072,102080) 
# ---- map 90: Phôc Ng­u S¬n §«ng (635 quai, neo nhiem vu 52768,114144) 
90	54971	112034	7
90	56014	110395	12
90	56823	117422	7
90	59821	113111	7
90	52688	106964	8
90	59762	116206	7
90	51879	106822	7
90	55786	107217	12
90	60775	116289	7
90	53843	104984	6
90	61013	109665	8
90	57916	105167	8
90	59860	105915	7
90	62926	108901	7
90	64015	111120	9
90	55704	101866	9
90	59886	102845	7
90	62034	104001	8
90	60736	102674	6
90	60118	101857	6
90	54679	99135	7
90	57846	98759	8
90	57568	95908	6
90	55821	94860	6
# ---- map 91: Kª Qu¸n ®éng (227 quai, neo nhiem vu 57792,91456) 
91	56823	92900	4
91	56893	93419	6
91	55113	89745	5
91	54578	93372	5
91	54869	88540	4
91	52928	92720	7
91	52855	89892	6
91	53899	87766	4
91	53166	95988	5
91	51491	89326	4
91	50672	91225	4
91	50836	93650	7
91	52756	97778	7
91	49560	91359	4
91	49440	90560	4
91	50401	95742	7
91	49539	88417	4
91	52929	99038	6
91	48866	89664	6
91	48610	92583	4
91	48597	93189	4
91	52911	99698	7
91	47879	93982	4
91	48965	96772	7
# ---- map 92: Thôc C­¬ng s¬n (1219 quai, neo nhiem vu 64800,97280) 
92	64089	95559	7
92	62752	96446	9
92	62072	93804	9
92	61020	100891	7
92	60000	99718	9
92	64053	91920	7
92	58092	97743	8
92	57987	99652	7
92	63924	104989	8
92	60780	89846	7
92	58141	103735	7
92	57740	90676	8
92	55789	100926	7
92	62811	87558	7
92	54887	100927	9
92	58944	107168	7
92	55953	104980	7
92	56972	108855	8
92	54766	85378	7
92	52537	85593	7
92	54688	82747	8
92	56809	80534	6
92	58677	79688	7
92	52768	82370	7
# ---- map 93: TiÕn Cóc ®éng (135 quai, neo nhiem vu 48832,101504) 
93	49624	101023	3
93	50525	102061	8
93	51415	100819	7
93	51648	101888	4
93	51608	102724	5
93	50919	103705	4
93	52417	102202	4
93	51925	104099	3
93	52783	102926	7
93	52800	99968	5
93	51533	104822	4
93	51138	105127	3
93	53835	102601	5
93	54018	100842	7
93	51679	106209	4
93	52932	105307	4
93	52948	97703	7
93	53792	98816	5
93	54774	101005	6
93	53064	105919	6
93	54882	103014	8
93	52495	106701	4
93	55569	102068	4
93	55680	102575	4
# ---- map 94: Linh Cèc ®éng (102 quai, neo nhiem vu 56032,99424) 
94	53844	99750	6
94	54957	101806	3
94	54120	101270	5
94	55568	102054	7
94	53770	101663	5
94	52816	99748	5
94	52224	98944	2
94	52441	100901	4
94	53741	102693	3
94	52186	100982	6
94	51925	98828	5
94	52464	96850	2
94	52059	97104	3
94	52064	102080	4
94	53615	103560	4
94	51204	98025	5
94	50975	100853	3
94	51022	97815	2
94	51798	102720	3
94	50599	100341	2
94	49449	101113	3
94	50655	103836	7
94	49452	101697	3
94	49591	102761	4
# ---- map 96: T©n Thñ kh¸ch c¬ (0 quai, neo nhiem vu 50656,102944) 
# ---- map 98: Thanh khª ®éng (0 quai, neo nhiem vu 48832,94656) 
# ---- map 99: VÜnh L¹c trÊn (855 quai, neo nhiem vu 59168,90720) 
99	57926	90640	5
99	56879	93845	5
99	55493	93462	6
99	54011	91312	6
99	58934	96554	6
99	53837	93647	7
99	52224	91616	5
99	51776	91712	6
99	50554	91736	6
99	50624	93888	6
99	49403	91662	5
99	50624	95744	6
99	56960	100768	7
99	47744	93792	6
99	56110	104227	6
99	58567	107100	6
99	53526	107816	8
99	47709	105692	6
99	53485	110036	6
99	53547	110931	6
99	47623	109932	6
99	50634	112377	6
99	48416	113760	6
99	48896	116352	6
# ---- map 100: Chu Tiªn trÊn (1294 quai, neo nhiem vu 59264,107392) 
100	57696	106272	8
100	60928	106016	10
100	60864	104928	9
100	57856	103904	9
100	54827	110375	9
100	56826	99721	9
100	56775	99123	9
100	49568	108000	9
100	48736	101088	8
100	49972	98778	8
100	47392	102912	8
100	49731	96677	8
100	45504	103264	8
100	43456	105952	8
100	43360	104896	8
100	47744	95872	8
100	46784	95616	8
100	47328	94976	9
100	46464	95008	9
100	47264	93568	9
100	44669	95662	8
100	47616	92576	8
100	46656	92768	14
100	45664	93536	9
# ---- map 101: §¹o H­¬ng th«n (857 quai, neo nhiem vu 56544,90112) 
101	53498	91689	6
101	52478	89579	7
101	59135	93524	8
101	56608	94880	9
101	51680	91776	6
101	50706	89179	7
101	54848	95776	7
101	52644	94655	14
101	50339	90655	6
101	52908	95488	7
101	55680	96800	7
101	48414	88349	6
101	47552	90432	8
101	58519	99968	7
101	49248	97568	8
101	60168	101977	9
101	59936	103168	9
101	47597	102872	7
101	56716	105906	7
101	60024	107014	8
101	42432	100896	7
101	57600	109056	7
101	47705	108922	7
101	46656	109856	7
# ---- map 102: Th¸nh ®éng tÇng 2 (0 quai, neo nhiem vu 51456,102368) 
# ---- map 103: ThiÕu L©m ph¸i (1002 quai, neo nhiem vu 51904,114080) 
103	59008	104672	6
103	46592	102048	5
103	61056	103616	7
103	46784	100672	5
103	60987	102696	6
103	45984	100672	7
103	58880	100832	5
103	61216	102080	5
103	41600	102720	5
103	42368	101696	5
103	47456	98944	6
103	44576	99616	6
103	49408	97952	5
103	41408	101152	5
103	42560	99936	7
103	46240	97888	5
103	41440	99232	5
103	43168	97920	6
103	48320	95168	5
103	61216	95680	5
103	44832	93696	5
103	47488	92512	5
103	47936	90880	5
103	60960	91392	5
# ---- map 104: Tµng Kinh C¸c (0 quai, neo nhiem vu 50944,102080) 
# ---- map 105: §¹t Ma §­êng (0 quai, neo nhiem vu 51232,102080) 
# ---- map 106: §¹i Hïng b¶o ®iÖn (0 quai, neo nhiem vu 50912,102528) 
# ---- map 107: phßng §Ö tö 1 (0 quai, neo nhiem vu 50976,101696) 
# ---- map 108: phßng §Ö tö 2 (0 quai, neo nhiem vu 51072,101824) 
# ---- map 109: Ph­¬ng tr­îng ThiÒn phßng (0 quai, neo nhiem vu 51072,101920) 
# ---- map 110: La H¸n §­êng (0 quai, neo nhiem vu 51392,102368) 
# ---- map 111: Méc Nh©n H¹ng (160 quai, neo nhiem vu 50560,109344) 
111	51190	109024	4
111	51936	110208	6
111	50336	106912	8
111	52768	107712	4
111	52544	107104	7
111	53696	108864	4
111	51712	105952	3
111	53952	108032	5
111	49952	104960	5
111	50688	104864	6
111	53024	105216	6
111	55104	106784	9
111	53792	105120	5
111	51040	103776	7
111	52608	103872	4
111	53568	104224	3
111	50720	102784	4
111	52608	103104	4
111	54528	104032	5
111	51744	102656	3
111	55328	104000	3
111	54368	103008	3
111	49600	101984	9
111	49632	100928	8
# ---- map 112: Thiªn PhËt ®iÖn (0 quai, neo nhiem vu 51232,102176) 
# ---- map 113: MËt thÊt ThiÕu L©m (226 quai, neo nhiem vu 53600,107552) 
113	54907	107772	6
113	53180	105959	4
113	55813	108047	6
113	56909	106160	7
113	57612	106932	6
113	57755	107851	5
113	52672	102912	4
113	54675	102844	5
113	57696	104992	8
113	56875	102825	6
113	54816	101760	4
113	58927	104863	6
113	51744	101801	4
113	53664	101376	4
113	54472	101016	7
113	59745	105070	7
113	53687	100920	5
113	57696	101952	8
113	56753	101357	4
113	59093	102896	6
113	55858	100679	7
113	59953	103952	5
113	58815	100784	4
113	59872	99904	4
# ---- map 114: 108 La H¸n trËn (253 quai, neo nhiem vu 47968,105984) 
114	48608	105856	5
114	48896	106784	7
114	49568	105568	4
114	49472	107872	5
114	50752	106112	4
114	50880	106816	6
114	50912	108096	6
114	51712	105920	7
114	51776	101792	6
114	53888	106880	7
114	53664	103968	11
114	53600	103072	5
114	53216	101856	5
114	53920	109984	8
114	53568	111040	5
114	54976	102752	4
114	56096	108096	6
114	53120	113120	5
114	53504	112928	5
114	56896	107232	5
114	57792	106016	6
114	54784	113376	6
114	57664	109216	6
114	54110	114408	5
# ---- map 115: C¸i Bang (257 quai, neo nhiem vu 49216,128672) 
115	52672	109728	6
115	52800	109184	6
115	51520	106848	4
115	49536	106432	4
115	51456	106240	6
115	53760	105760	7
115	54368	105088	4
115	54784	103840	5
115	47687	102551	4
115	53792	102720	5
115	47744	101600	6
115	49312	100864	4
115	51808	99936	4
115	52768	100000	4
115	49411	98734	4
115	47808	98016	5
115	50278	97903	5
115	51737	97882	4
115	52768	97952	4
115	48845	97632	6
115	46464	97696	7
115	51940	95701	4
115	48672	95488	4
115	49664	94592	4
# ---- map 116: tÇng 1 lßng ®Êt (127 quai, neo nhiem vu 57184,95360) 
116	56960	97088	3
116	55392	96704	5
116	57760	97568	3
116	54784	96768	7
116	55360	97664	6
116	58304	98848	4
116	56320	98944	3
116	54944	98976	4
116	56032	99808	5
116	53728	98496	3
116	52672	97792	10
116	55744	100800	3
116	56992	101152	5
116	51712	98592	3
116	56576	101792	4
116	52704	100128	3
116	54880	102048	6
116	51872	100096	3
116	51968	100992	3
116	54400	102688	4
116	53984	102688	4
116	51136	101504	3
116	51488	102112	3
116	51936	102624	3
# ---- map 117: tÇng 2 lßng ®Êt (128 quai, neo nhiem vu 53120,94304) 
117	53888	94624	7
117	53774	96384	3
117	54496	96032	3
117	52768	96928	3
117	51456	96544	3
117	51136	97056	3
117	55424	96864	4
117	55520	97440	3
117	53472	98880	3
117	50304	97984	4
117	54688	98912	7
117	52480	99552	5
117	52000	99520	4
117	54432	99648	5
117	50976	99840	4
117	53440	100480	3
117	54432	100864	4
117	52768	101056	5
117	50560	100608	4
117	49920	100576	3
117	51712	102144	7
117	54848	102880	4
117	52736	103168	3
117	53536	104352	4
# ---- map 118: tÇng 3 lßng ®Êt (81 quai, neo nhiem vu 48800,94784) 
118	49685	95534	5
118	50624	94400	5
118	50528	95968	3
118	51104	93760	3
118	50496	97184	2
118	51616	93408	2
118	49568	98496	2
118	52800	94336	3
118	49120	99168	2
118	53280	95392	3
118	47744	99392	3
118	51008	99072	3
118	48576	99616	4
118	46496	99584	4
118	50944	99808	2
118	51808	99520	4
118	49184	100704	2
118	52768	99328	4
118	47040	100576	2
118	54176	97600	5
118	53376	98976	3
118	50688	100992	4
118	50784	101440	2
# ---- map 119: tÇng 4 lßng ®Êt (100 quai, neo nhiem vu 50208,99168) 
119	50528	99712	3
119	50816	100512	3
119	49568	100800	5
119	47904	99104	5
119	49632	101568	3
119	48320	100864	5
119	47456	99680	2
119	51200	102112	4
119	50592	102272	3
119	48736	102080	3
119	50624	102720	3
119	49504	102816	4
119	46624	100288	2
119	46592	100928	6
119	47296	102016	5
119	46560	101600	3
119	49408	104096	4
119	47584	104000	6
119	49024	104960	4
119	46720	104064	6
119	46464	104704	4
119	48256	105792	5
119	47488	105824	5
# ---- map 120: tÇng 5 lßng ®Êt (102 quai, neo nhiem vu 58080,102240) 
120	56640	101920	3
120	56512	102880	3
120	58016	100064	4
120	55712	103968	3
120	55904	100128	7
120	58752	99168	2
120	55136	101120	2
120	54560	101792	4
120	57760	98656	3
120	55648	104896	4
120	56800	98496	2
120	54112	103008	4
120	57344	98112	2
120	55392	98912	2
120	53920	101120	3
120	54720	105152	3
120	56628	97816	4
120	54944	98656	2
120	56243	97285	2
120	52480	102912	6
120	52416	100288	2
120	52224	100864	3
120	52032	102848	4
120	52096	101120	3
# ---- map 121: Long M«n trÊn (1220 quai, neo nhiem vu 54880,140608) 
121	58112	142912	8
121	55776	136672	8
121	59168	137472	8
121	58944	135776	8
121	57728	134496	8
121	56768	133856	8
121	62848	136736	9
121	64032	140704	14
121	64032	141568	8
121	60104	149059	10
121	64800	141952	8
121	60635	148831	10
121	60960	132480	9
121	65056	136384	9
121	65216	135712	8
121	66912	138752	9
121	68096	140768	9
121	68352	143872	9
121	69120	141952	10
121	68224	133600	8
121	69856	134592	8
121	71008	139520	8
121	70208	150880	12
121	72000	148992	9
# ---- map 122: Hoµng Hµ Nguyªn §Çu (202 quai, neo nhiem vu 51584,106496) [DANG BAT]
122	51168	105792	6
122	51936	105312	5
122	53664	106912	4
122	52832	104096	4
122	53634	104667	4
122	51712	102880	6
122	55093	105064	5
122	48672	103840	6
122	54592	103840	7
122	49280	102944	4
122	47456	105088	5
122	48576	102944	4
122	49952	102112	5
122	54848	103008	7
122	47488	103904	8
122	47648	103104	7
122	54720	102048	5
122	48864	101728	6
122	50880	100992	6
122	52544	100960	4
122	53312	100672	4
122	55136	101216	4
122	50688	99776	6
122	51616	98976	4
# ---- map 123: L·o Hæ ®éng (128 quai, neo nhiem vu 54336,107616) 
123	54544	106974	7
123	53920	107008	10
123	52800	107776	7
123	52683	105957	10
123	51968	107168	4
123	51808	108192	7
123	53536	104736	3
123	51744	106048	4
123	51360	108768	3
123	53856	104384	3
123	50784	107808	4
123	54816	103840	3
123	52768	103744	6
123	50912	105184	7
123	50048	106848	5
123	50464	105536	3
123	53824	103072	6
123	49888	106016	3
123	52320	103136	2
123	50752	104000	7
123	51328	103424	3
123	52896	102368	3
123	51648	102720	7
123	51264	102272	2
# ---- map 124: C¸n Viªn ®éng (70 quai, neo nhiem vu 53504,109440) 
124	53940	108952	4
124	52672	109088	6
124	53657	107790	3
124	51936	108288	3
124	51667	108596	2
124	52992	107456	2
124	53728	107200	5
124	54432	107168	2
124	51744	107168	6
124	50739	107830	4
124	51807	106038	4
124	52800	105184	4
124	50796	106067	3
124	51744	104992	5
124	50752	104960	5
124	51776	103776	4
124	51392	102880	3
# ---- map 125: L­u Tiªn ®éng tÇng 1 (99 quai, neo nhiem vu 57952,103008) 
125	57543	103292	3
125	57248	102976	2
125	55680	102048	3
125	55488	101088	2
125	56096	99520	4
125	53760	103648	7
125	55840	98688	3
125	53440	101088	7
125	52960	103744	2
125	52832	100736	3
125	52352	102880	3
125	55744	97856	2
125	52480	101568	3
125	52768	100096	3
125	51520	101728	5
125	53024	98176	3
125	54686	96889	5
125	54945	96000	3
125	51520	98784	3
125	53952	96384	2
125	52192	97728	2
125	50624	99936	5
125	52096	96384	2
125	51680	96192	2
# ---- map 126: L­u Tiªn ®éng tÇng 2 (99 quai, neo nhiem vu 47872,93728) 
126	48544	94112	2
126	48640	95008	4
126	49152	94848	2
126	48448	95616	3
126	47328	96224	2
126	49952	95712	3
126	47264	96544	7
126	51040	94016	3
126	50976	94688	4
126	49824	96640	4
126	50848	95968	5
126	51456	94880	3
126	49005	97550	3
126	51360	95680	2
126	49248	97984	3
126	51680	96352	6
126	52256	96672	2
126	49600	98720	4
126	49280	99520	3
126	53600	96768	4
126	49216	100672	3
126	53952	97728	7
126	49568	101664	3
126	50624	102752	4
# ---- map 127: L­u Tiªn ®éng tÇng 3 (81 quai, neo nhiem vu 56608,102912) 
127	56384	102816	3
127	55648	102880	4
127	55424	101440	2
127	55776	100864	2
127	53984	103104	4
127	53728	102080	4
127	56128	99552	2
127	53984	99840	7
127	52544	102080	3
127	55392	98720	3
127	52672	100896	5
127	51840	101632	6
127	51461	102972	3
127	53344	98880	4
127	51008	103008	3
127	54208	97632	3
127	54688	97312	2
127	52480	98336	2
127	52640	98048	3
127	51937	98397	4
127	54128	96840	3
# ---- map 128: L­u Tiªn ®éng tÇng 4 (72 quai, neo nhiem vu 48480,99936) 
128	48800	100000	5
128	50144	99616	2
128	48672	98208	2
128	49984	101184	2
128	50592	99648	2
128	49408	97888	4
128	51520	100064	3
128	50767	102063	6
128	51872	100672	3
128	51392	97920	4
128	50580	103081	5
128	52480	98880	8
128	52640	99872	3
128	52160	96992	4
128	52704	96576	3
128	51592	95510	4
# ---- map 129: L­u Tiªn ®éng tÇng 5 (99 quai, neo nhiem vu 51104,102784) 
129	51584	101952	5
129	52384	103981	2
129	52672	101824	4
129	51264	105088	4
129	53504	102048	2
129	52384	105344	2
129	50624	105888	4
129	54592	102976	3
129	53856	100576	3
129	54656	104000	4
129	53536	106272	4
129	54784	104928	3
129	51232	107200	5
129	53120	106848	3
129	54880	106112	4
129	51424	108064	6
129	50656	108288	2
129	55168	106784	2
129	54240	107552	2
129	50496	108800	2
129	50080	108896	2
129	55817	106972	8
129	53760	108672	4
129	50656	110144	3
# ---- map 130: L­u Tiªn ®éng tÇng 6 (48 quai, neo nhiem vu 49504,100576) 
130	48803	101000	2
130	48480	101408	2
130	49344	102144	3
130	49728	102464	2
130	50789	102559	3
130	49856	103904	2
130	50848	103744	2
130	47712	103872	2
130	49984	104640	2
130	48960	104768	2
130	50272	104736	2
130	47808	104512	3
130	51456	104800	5
130	48384	106336	4
130	50560	106688	5
# ---- map 131: C«n L«n ph¸i (560 quai, neo nhiem vu 59904,117088) 
131	59870	116950	10
131	59584	116256	12
131	60096	115392	8
131	57024	115200	8
131	55840	113824	7
131	56960	111904	9
131	58816	111072	9
131	55072	112032	7
131	56672	110304	7
131	59968	109152	9
131	56896	108928	7
131	54752	109888	10
131	55776	109088	7
131	53312	110112	7
131	56992	107904	10
131	53760	107200	8
131	54752	105952	10
131	52896	107008	9
131	46528	107104	8
131	47360	105248	8
131	52640	97760	11
131	52672	96672	7
131	43680	100832	7
131	44576	96800	8
# ---- map 132: B¨ng HuyÖt ®éng  (150 quai, neo nhiem vu 54432,109024) 
132	53574	107990	4
132	54144	107040	4
132	54048	104768	7
132	51616	105152	7
132	50794	103951	4
132	52736	102848	7
132	52928	102272	3
132	49184	104096	3
132	50378	102967	4
132	47648	105824	4
132	51872	101632	4
132	48736	103584	3
132	48800	103072	3
132	47456	104512	4
132	52672	100640	6
132	49824	101792	3
132	51520	100832	4
132	50560	100768	4
132	47360	102880	3
132	46880	102976	3
132	52064	99552	4
132	48800	100928	3
132	47680	101792	3
132	49664	100000	4
# ---- map 135: KiÕn TÝnh Phong s¬n ®éng (242 quai, neo nhiem vu 55936,102336) 
135	56000	101824	5
135	56608	102144	5
135	54784	99616	6
135	52832	101760	8
135	53728	99680	5
135	51520	102624	6
135	52992	98656	6
135	57120	97440	5
135	52608	97984	5
135	57696	97024	5
135	51424	98912	6
135	53472	96768	7
135	54592	95616	5
135	53792	94848	7
135	52896	93728	6
135	53664	91616	7
135	48736	93760	7
135	50880	92320	4
135	49888	92672	5
135	51296	91616	4
135	48960	92800	4
135	50688	91520	6
135	50720	90816	4
135	48672	91808	4
# ---- map 136: Kho¸i Ho¹t L©m (97 quai, neo nhiem vu 54912,100608) 
136	54240	101600	2
136	54784	102208	6
136	53312	101280	2
136	52896	102080	6
136	53472	103040	2
136	52480	102944	3
136	51456	100768	3
136	54688	104096	3
136	56000	104000	5
136	54016	104096	3
136	51392	101760	2
136	52064	103008	4
136	52032	103616	3
136	53824	105120	3
136	50624	102400	2
136	50496	102272	3
136	52000	104800	3
136	50880	103776	3
136	54656	105792	4
136	52512	105216	5
136	54080	105760	4
136	50048	103360	2
136	52896	106176	4
136	54656	106752	3
# ---- map 137: Thiªn Vi ®iÖn (0 quai, neo nhiem vu 51296,102464) 
# ---- map 138: C«n L«n ph¸i ChÝnh ®iÖn (0 quai, neo nhiem vu 51328,102496) 
# ---- map 139: Tö Vi ®iÖn (0 quai, neo nhiem vu 51584,102624) 
# ---- map 140: D­îc V­¬ng Cèc (313 quai, neo nhiem vu 77728,119392) 
140	78464	119424	6
140	76384	116480	7
140	75520	116384	5
140	76544	115328	5
140	79264	115104	5
140	75104	115296	7
140	76384	114400	5
140	74432	115328	6
140	79136	114016	6
140	77248	113792	5
140	74464	114208	7
140	79264	113280	5
140	77344	108896	6
140	77216	107648	6
140	75456	107072	6
140	76608	105760	6
140	74175	105346	5
140	76448	104960	5
140	80416	105152	6
140	75104	104704	5
140	77216	102912	6
140	80128	102880	5
140	77688	101867	5
140	76640	101504	5
# ---- map 141: D­îc V­¬ng ®éng tÇng 1 (133 quai, neo nhiem vu 51296,107904) 
141	50464	107733	9
141	52514	106780	5
141	49786	107068	5
141	51427	105927	6
141	49477	106188	7
141	53601	106541	2
141	53531	106360	3
141	50653	104906	8
141	50097	104910	7
141	51869	104671	7
141	53661	105272	5
141	48668	105240	8
141	52615	104170	5
141	49186	103892	2
141	48435	104119	13
141	50255	102983	2
141	49535	102894	6
141	52921	102835	7
141	51582	102529	5
141	49010	102660	4
141	52621	102306	3
141	51588	102022	10
# ---- map 142: D­îc V­¬ng ®éng tÇng 2 (185 quai, neo nhiem vu 46944,105216) 
142	48277	105148	10
142	46899	103731	8
142	48484	105602	9
142	48217	103920	4
142	47204	102932	9
142	49295	104657	5
142	49465	103971	10
142	48712	102630	9
142	49866	107122	5
142	50346	104128	5
142	47868	101756	10
142	50112	103197	5
142	48586	101702	8
142	50822	104726	10
142	50633	106686	5
142	49688	102320	5
142	51115	105545	5
142	50762	103202	12
142	51377	103976	5
142	49061	101098	3
142	51672	106275	7
142	49709	101072	7
142	52528	103589	7
142	52800	104545	5
# ---- map 143: D­îc V­¬ng ®éng tÇng 3 (180 quai, neo nhiem vu 51264,102880) 
143	51501	102685	5
143	50952	104031	7
143	50439	102015	5
143	50003	102858	6
143	51997	104170	5
143	52807	102590	5
143	52846	101757	6
143	51852	101031	7
143	51769	104799	5
143	49264	104097	5
143	50521	105246	5
143	53557	101893	7
143	48605	102863	9
143	48841	104009	8
143	49830	105184	5
143	52828	100574	5
143	54050	103002	7
143	53980	103709	6
143	48508	102061	7
143	50510	100082	9
143	50822	105792	6
143	52857	100130	7
143	51870	99757	6
143	52504	105854	6
# ---- map 144: D­îc V­¬ng ®éng tÇng 4 (220 quai, neo nhiem vu 54080,96736) 
144	54546	97879	8
144	52621	97054	6
144	52632	97576	9
144	55618	97752	8
144	53648	98872	7
144	55208	98930	5
144	55926	98493	5
144	51826	97978	8
144	51732	98724	7
144	53417	99762	12
144	56555	98637	8
144	52846	99839	10
144	55851	99674	5
144	54755	100219	8
144	55028	100496	6
144	51582	100048	5
144	56810	100084	11
144	52463	100765	5
144	51529	100562	5
144	55660	101956	14
144	51619	101883	16
144	54767	102569	6
144	52820	102579	8
144	53819	102791	5
# ---- map 145: TuyÕt B¸o ®éng tÇng 1 (28 quai, neo nhiem vu 50016,103840) 
145	50613	104587	3
145	49344	105056	2
145	51680	104160	4
145	51488	104704	2
145	51616	103096	5
145	48905	105242	2
145	49312	105542	3
145	51790	105882	3
# ---- map 146: TuyÕt B¸o ®éng tÇng 2 (28 quai, neo nhiem vu 52160,106400) 
146	51936	105888	3
146	51354	105165	3
146	51087	105156	2
146	50159	105149	3
146	51703	103936	5
146	50519	104347	2
146	49408	105984	4
146	49001	106000	2
146	51983	102982	3
# ---- map 147: TuyÕt B¸o ®éng tÇng 3 (32 quai, neo nhiem vu 52160,106336) 
147	51689	106128	2
147	50857	105276	5
147	51413	104817	2
147	49792	105344	2
147	49504	106176	2
147	50560	104160	2
147	51824	103441	2
147	49068	104925	4
147	48704	106368	3
147	52019	102879	4
147	52320	102653	2
# ---- map 148: TuyÕt B¸o ®éng tÇng 4 (32 quai, neo nhiem vu 48864,104736) 
148	49076	105069	4
148	49518	105155	3
148	49504	106176	2
148	48704	106368	3
148	50453	105158	2
148	51072	103648	4
148	51381	106214	3
148	51740	103816	5
148	51871	102865	2
148	52373	103003	2
# ---- map 149: TuyÕt B¸o ®éng tÇng 5 (18 quai, neo nhiem vu 51552,103040) 
149	51308	102772	3
149	50970	102665	7
149	51408	103831	2
149	50574	102280	4
# ---- map 150: TuyÕt B¸o ®éng tÇng 6 (18 quai, neo nhiem vu 51616,101888) 
150	51059	102473	3
150	50646	101797	12
# ---- map 151: TuyÕt B¸o ®éng tÇng 7 (18 quai, neo nhiem vu 51584,102976) 
151	50837	102977	12
151	50596	103541	3
# ---- map 152: TuyÕt B¸o ®éng tÇng 8 (32 quai, neo nhiem vu 53600,107680) 
152	52908	106888	7
152	52736	106208	3
152	52032	106080	4
152	51616	104960	2
152	51095	104676	2
152	51475	103552	2
152	50200	104391	2
152	49480	105125	3
152	52213	102754	2
152	48678	106058	3
# ---- map 153: Th¹ch Cæ trÊn (2016 quai, neo nhiem vu 46048,97344) 
153	45504	95552	10
153	44480	95744	9
153	48480	98752	10
153	44352	94848	10
153	49376	97792	9
153	49824	96736	11
153	44480	93568	10
153	45696	92768	12
153	46688	92672	12
153	45728	102944	11
153	51616	94560	11
153	45416	104124	10
153	53920	96768	9
153	52576	92800	9
153	53824	93600	11
153	54816	100800	11
153	49696	106112	10
153	52908	105043	18
153	54624	103072	12
153	55712	101792	11
153	58944	97888	9
153	44256	111904	11
153	44864	113184	12
153	53920	112128	11
# ---- map 154: Thóy Yªn m«n (1333 quai, neo nhiem vu 20096,40352) 
154	18752	42656	11
154	18080	45440	8
154	15712	36320	9
154	15456	35200	8
154	14720	35552	8
154	20992	33184	8
154	24928	34016	8
154	18816	48384	9
154	24160	33280	9
154	25184	33344	8
154	16576	31424	8
154	22081	49927	8
154	24320	30272	10
154	16992	29024	8
154	22080	52832	9
154	18784	26368	8
154	33024	33152	12
154	33760	34112	8
154	18912	25376	9
154	18144	25056	8
154	15840	25184	9
154	14496	24992	9
154	18752	23392	8
154	21184	23360	8
# ---- map 155: Thóy Yªn M«n B¸ch Hoa ®×nh (0 quai, neo nhiem vu 50720,102624) 
# ---- map 156: Thóy Yªn M«n phßng §Ö tö 1 (0 quai, neo nhiem vu 51168,102496) 
# ---- map 157: Thóy Yªn M«n phßng §Ö tö 2 (0 quai, neo nhiem vu 50784,103072) 
# ---- map 158: Thóy Yªn M«n CÊm §Þa mª cung (320 quai, neo nhiem vu 50688,102112) 
158	52960	101728	8
158	53696	100864	8
158	53504	99936	6
158	51584	97536	8
158	54671	98988	6
158	51712	96896	7
158	54912	97824	7
158	53760	96768	6
158	49724	95877	7
158	56670	99917	6
158	54976	96864	5
158	52704	94976	5
158	53536	94848	9
158	55688	95644	8
158	56928	96640	7
158	51424	93696	7
158	52449	93652	7
158	55442	94083	5
158	51648	92544	7
158	52736	92416	6
158	54750	92911	6
158	53408	92416	5
158	52478	91868	7
158	53951	91514	6
# ---- map 160: Thóy Yªn M«n Thñ Ngäc s¶nh (0 quai, neo nhiem vu 51072,102656) 
# ---- map 161: Thóy Yªn M«n Chñ phßng (0 quai, neo nhiem vu 51200,102464) 
# ---- map 162: §¹i Lý (637 quai, neo nhiem vu 52544,93920) [DANG BAT]
162	53632	94656	7
162	52928	95744	8
162	51744	95680	7
162	57920	96800	12
162	45856	96800	8
162	45408	95744	7
162	45376	97760	8
162	45536	99808	10
162	44544	98816	13
162	43200	99840	9
162	41568	97728	8
162	41472	99648	9
162	58848	104896	9
162	40544	98784	8
162	55520	108128	8
162	56736	108032	8
162	54976	109024	9
162	44448	107296	8
162	45632	108032	8
162	56704	109952	9
162	55584	110368	8
162	45504	109280	8
162	57632	110048	8
162	56800	112192	9
# ---- map 163: ¸c b¸ ®Þa ®¹o (120 quai, neo nhiem vu 49888,102432) 
163	50784	101760	3
163	51232	102272	3
163	50912	103328	4
163	50784	100928	5
163	51840	103840	9
163	51392	100544	3
163	50880	99968	4
163	52640	103264	3
163	52544	103552	4
163	51936	100032	5
163	52800	100864	5
163	52640	99936	4
163	53664	102464	4
163	53856	102048	3
163	53504	100640	2
163	54336	101280	3
163	53920	99616	5
163	54912	102784	8
163	55168	102048	4
163	55360	101888	2
163	55872	104128	11
163	56192	102720	5
163	55744	104864	7
163	56819	102784	5
# ---- map 164: Thiªn TÇm th¸p tÇng 1 (300 quai, neo nhiem vu 51392,102208) 
164	52640	102816	6
164	53760	100896	7
164	53632	103904	7
164	49888	99744	6
164	53536	99808	5
164	50688	98784	7
164	51744	98624	6
164	52896	98720	6
164	55776	100960	5
164	54638	98634	6
164	51488	96992	6
164	56864	101664	6
164	55727	98770	10
164	50592	96672	9
164	52640	96640	7
164	50560	96000	5
164	51904	95776	6
164	57792	99904	8
164	58592	100576	8
164	50784	94624	4
164	53760	94816	7
164	57728	96736	7
164	52864	93760	9
164	51904	93536	5
# ---- map 165: Thiªn TÇm th¸p tÇng 2 (128 quai, neo nhiem vu 48032,105440) 
165	47488	105216	6
165	47840	103936	4
165	48704	103936	4
165	49600	104800	6
165	49792	105632	4
165	46624	104064	6
165	49521	103667	4
165	50432	104768	7
165	50191	104087	3
165	48352	102880	2
165	47936	102496	3
165	49871	103056	4
165	46432	102784	5
165	47744	101952	5
165	50400	102752	3
165	48512	101824	6
165	49312	101952	4
165	46560	101984	6
165	51488	103904	4
165	50752	102048	6
165	51904	103200	7
165	47552	100864	7
165	48544	100800	6
165	47776	99744	3
# ---- map 166: Thiªn TÇm th¸p tÇng 3 (150 quai, neo nhiem vu 53184,103840) 
166	52704	103712	8
166	52736	102592	5
166	51840	103968	5
166	51840	102944	5
166	52960	101888	5
166	53376	101568	4
166	50656	104160	5
166	50643	103087	8
166	52736	101088	7
166	51552	101536	5
166	50881	102160	7
166	49856	102752	8
166	51616	100672	4
166	49568	104000	7
166	50848	100896	6
166	49664	101984	5
166	51520	100000	6
166	48640	103008	6
166	50528	99808	6
166	48768	101600	4
166	48576	100960	5
166	49632	99712	5
166	47904	102112	4
166	48704	99872	4
# ---- map 167: §iÓm Th­¬ng s¬n (750 quai, neo nhiem vu 38848,87392) 
167	38464	87520	8
167	40640	86784	7
167	39232	89728	10
167	36288	87680	8
167	43712	85248	8
167	45376	87328	9
167	47264	84480	7
167	47616	83424	10
167	45696	94816	8
167	48384	92480	9
167	49600	92608	8
167	49472	93440	8
167	50912	89632	10
167	50560	91680	9
167	50944	90816	7
167	48800	79296	7
167	51648	88544	7
167	48704	98784	11
167	53728	83488	8
167	48896	102720	8
167	56608	95904	8
167	57824	93792	9
167	50880	103616	9
167	59776	89536	9
# ---- map 168: Phông Nh·n ®éng (320 quai, neo nhiem vu 48256,96160) 
168	48832	96800	5
168	47392	96864	4
168	48576	94528	4
168	49600	94912	5
168	47360	94496	4
168	49472	97792	4
168	49600	93440	4
168	50496	93632	6
168	49760	92576	7
168	52864	95936	4
168	50400	92000	4
168	51616	99840	5
168	53600	92800	4
168	54592	96960	5
168	54848	94656	4
168	55232	93920	4
168	55904	98784	5
168	54944	89728	5
168	55712	90624	6
168	56704	91584	5
168	57728	98784	5
168	57760	92608	4
168	58496	94528	4
168	55776	103968	7
# ---- map 169: Long Nh·n ®éng (318 quai, neo nhiem vu 51072,102784) 
169	51520	102880	5
169	50368	98592	5
169	52704	97568	6
169	48608	97760	7
169	56704	99168	7
169	57024	99328	7
169	55903	97854	9
169	54624	95712	9
169	57696	97856	6
169	47616	95136	5
169	48800	94592	5
169	54752	94432	7
169	58784	97024	8
169	47296	93760	5
169	50707	92956	5
169	52823	92903	7
169	49504	92800	6
169	53632	92448	4
169	48544	91808	6
169	55989	92607	6
169	57824	92704	4
169	52864	90496	4
169	54016	90688	4
169	52896	87584	4
# ---- map 170: Thæ PhØ ®éng (234 quai, neo nhiem vu 51360,102112) 
170	51616	100768	9
170	52736	102816	5
170	52672	100960	6
170	53312	101984	4
170	53856	102560	4
170	52768	99552	6
170	52992	104704	7
170	51776	98688	7
170	54752	99584	5
170	55680	103232	4
170	52992	106272	5
170	52864	106784	5
170	55904	99968	4
170	56128	104000	6
170	55616	98720	6
170	56768	101024	7
170	53536	96832	4
170	56608	104928	5
170	55424	106912	5
170	54624	107744	8
170	57824	104032	6
170	57632	104832	7
170	58016	99808	5
170	54720	95648	8
# ---- map 171: §iÓm Th­¬ng ®éng tÇng 1 (234 quai, neo nhiem vu 49024,100160) 
171	49600	99936	9
171	49888	100672	6
171	49536	98880	8
171	48320	98624	8
171	50720	100896	8
171	47488	99104	8
171	50873	97821	6
171	52363	100624	6
171	47494	97087	6
171	49856	96800	7
171	52672	98496	5
171	51616	96672	6
171	49472	95744	5
171	52704	97504	5
171	53600	99648	9
171	50752	95840	8
171	53600	97696	5
171	47648	94976	7
171	49600	94592	8
171	53856	97024	7
171	51776	94496	9
171	50688	94016	5
171	53760	95776	6
171	52672	94432	10
# ---- map 172: §iÓm Th­¬ng ®éng tÇng 2 (234 quai, neo nhiem vu 50752,103136) 
172	50403	103032	5
172	49696	102656	4
172	49568	101696	5
172	51552	99808	8
172	52512	99840	6
172	47738	99844	6
172	47904	98656	6
172	49707	97550	5
172	53760	98016	7
172	46784	98048	4
172	52736	96064	5
172	45120	97760	4
172	52288	94944	6
172	49600	94848	4
172	44896	96704	4
172	49632	94016	5
172	46912	94624	6
172	52480	93504	7
172	45312	94784	4
172	48384	92896	6
172	49248	91648	4
172	52640	91424	10
172	50848	90432	5
172	52512	88544	6
# ---- map 173: §iÓm Th­¬ng ®éng tÇng 3 (234 quai, neo nhiem vu 43296,99264) 
173	43776	99488	5
173	44768	98848	5
173	45440	97760	5
173	45792	100768	7
173	45312	96704	6
173	46720	99744	6
173	46496	101152	6
173	45664	96064	6
173	47360	98816	8
173	47616	101120	9
173	47680	96768	5
173	46784	95616	6
173	48512	99616	9
173	48544	102048	7
173	49440	99680	7
173	49472	96768	7
173	49856	97696	6
173	49792	101088	5
173	50400	99136	6
173	48928	103840	6
173	49824	102624	8
173	50592	97568	5
173	51040	99808	6
173	50765	95383	6
# ---- map 174: Long TuyÒn th«n (731 quai, neo nhiem vu 58176,96544) 
174	57568	96832	7
174	56864	94816	6
174	55712	95872	6
174	55584	99776	6
174	53728	99008	6
174	53984	99648	6
174	52576	97408	6
174	51904	96640	7
174	57728	102944	7
174	51936	99008	6
174	51616	100096	6
174	46304	100992	6
174	46496	101760	8
174	45408	97760	6
174	46656	103872	6
174	53888	110336	6
174	46592	105760	6
174	49408	108832	6
174	51712	110208	6
174	51680	110624	6
174	55584	111904	6
174	44288	104896	6
174	49679	111050	8
174	50720	111936	7
# ---- map 175: T©y S¬n th«n (0 quai, neo nhiem vu 51040,103680) 
# ---- map 176: L©m An (1000 quai, neo nhiem vu 51648,81952) [DANG BAT]
176	53920	82304	5
176	49312	83200	5
176	48928	82624	5
176	46464	82592	5
176	53984	86720	7
176	53824	87776	7
176	54848	87328	6
176	45632	78144	5
176	44832	77824	5
176	44736	77280	7
176	44352	76160	6
176	40352	85536	5
176	40448	77312	6
176	39456	82816	5
176	38176	83136	5
176	37856	80224	6
176	38432	86464	5
176	37184	81536	6
176	37344	86752	6
176	36320	78400	5
176	39392	93632	6
176	34528	86240	5
176	39392	106656	8
176	45440	113984	7
# ---- map 177: Ngù Hoa viªn (0 quai, neo nhiem vu 51808,103104) 
# ---- map 178: S¬n ®éng Ngù Hoa viªn (78 quai, neo nhiem vu 51488,102400) 
178	51552	102624	2
178	52352	102656	4
178	51904	100832	3
178	53120	101984	2
178	53600	102976	3
178	53056	100800	4
178	51712	100064	3
178	52576	99968	3
178	53536	99648	5
178	53344	99008	3
178	55424	101600	4
178	52928	98592	3
178	54976	99872	3
178	52480	98144	2
178	56000	100800	2
178	55392	99584	3
178	55808	99040	4
178	56640	100096	4
178	55168	97984	2
178	57504	100672	3
178	53760	96490	6
178	57760	100032	2
# ---- map 179: La Tiªu s¬n (693 quai, neo nhiem vu 51776,105344) 
179	49792	102912	6
179	49984	102048	6
179	53632	101760	6
179	52448	101024	6
179	60864	102656	7
179	56672	96832	6
179	56224	94720	7
179	63040	101504	6
179	66112	99232	6
179	60768	91264	6
179	65216	94560	6
179	64000	92032	7
179	56544	87360	6
179	53344	86528	6
179	57774	86441	12
179	57024	85504	6
179	58880	85312	7
179	63392	87456	6
179	60992	85632	6
179	65024	87520	7
179	61088	84704	6
179	57664	83296	6
179	60896	83520	8
179	59168	81632	5
# ---- map 180: Long Cung ®éng (170 quai, neo nhiem vu 48288,99392) 
180	48704	98752	4
180	49856	99968	4
180	47776	101056	4
180	46496	98560	5
180	50784	99520	5
180	49536	102176	4
180	51648	98624	5
180	48704	95840	4
180	51104	96640	3
180	50592	95968	4
180	52608	101152	5
180	53728	98912	4
180	54176	101824	6
180	54880	99936	5
180	54496	96928	3
180	47968	92704	4
180	49888	92704	3
180	55776	98080	6
180	48512	91680	4
180	54592	94720	4
180	49312	91296	4
180	56992	94592	4
180	57664	95968	3
180	58002	93767	3
# ---- map 181: L­ìng Thñy ®éng (360 quai, neo nhiem vu 50880,102368) 
181	49771	104191	9
181	52576	103680	7
181	50587	100065	9
181	50933	104907	8
181	51781	105893	7
181	54797	102959	9
181	48608	99040	6
181	52880	98867	6
181	53760	99008	8
181	54528	99808	8
181	49403	97720	11
181	51404	96863	8
181	55648	105232	7
181	54492	97860	11
181	46613	97921	7
181	52769	95986	6
181	47456	96640	8
181	54720	95968	6
181	51779	94795	10
181	45239	96846	7
181	47806	95022	8
181	59040	100864	6
181	52864	93632	6
181	53932	93485	9
# ---- map 182: NghiÖt Long ®éng (403 quai, neo nhiem vu 63904,98144) 
182	61760	100576	5
182	59904	99744	5
182	61696	103072	4
182	64896	103936	5
182	58240	99776	5
182	61600	103744	4
182	63712	104992	4
182	60704	105216	4
182	56064	96096	5
182	55904	99520	5
182	59840	105888	4
182	62304	107616	4
182	64064	107936	4
182	65920	108160	5
182	53856	100064	4
182	56544	106048	5
182	68000	108256	4
182	60608	108800	4
182	54048	104064	6
182	52768	101312	4
182	60832	110801	4
182	58464	110304	4
182	60928	112352	5
182	69088	112000	6
# ---- map 183: Ngò §éc Gi¸o (556 quai, neo nhiem vu 43872,117664) 
183	44672	117312	7
183	46496	118464	6
183	45344	113120	6
183	44384	112160	9
183	52480	113088	8
183	52704	112192	6
183	41024	101056	5
183	39424	99488	5
183	53792	100928	6
183	57152	102880	5
183	37312	96704	5
183	54624	97760	5
183	37472	94432	5
183	56576	96576	7
183	54880	95616	5
183	38592	93536	5
183	55712	95424	8
183	38336	92672	7
183	55808	94624	5
183	38496	91072	6
183	44736	90400	5
183	52704	91840	5
183	39360	90528	6
183	50784	89568	5
# ---- map 184: XÝch YÕt tr¹i (0 quai, neo nhiem vu 50880,102656) 
# ---- map 185: Kim Xµ tr¹i (0 quai, neo nhiem vu 51584,102528) 
# ---- map 186: MÆc Thï tr¹i (0 quai, neo nhiem vu 51616,102720) 
# ---- map 187: Thanh Ng« tr¹i (0 quai, neo nhiem vu 51360,102400) 
# ---- map 188: Ng©n ThiÒm tr¹i (0 quai, neo nhiem vu 50784,102560) 
# ---- map 189: Tæng tr¹i (0 quai, neo nhiem vu 50592,102208) 
# ---- map 190: Ngò §éc Gi¸o Mª cung nhËp m«n (560 quai, neo nhiem vu 44160,96096) 
190	42592	93792	5
190	42368	98816	5
190	46080	90688	5
190	48608	102016	5
190	46912	89216	5
190	48448	89632	5
190	50752	101696	5
190	48320	88288	5
190	53088	92704	6
190	49696	87552	4
190	55904	102016	5
190	52544	84704	4
190	54720	86272	5
190	58208	99744	5
190	59040	92736	5
190	48672	81248	6
190	50944	81280	6
190	55328	84224	4
190	51808	81408	4
190	56416	83264	5
190	60736	84352	4
190	64928	100544	5
190	66848	97728	5
190	73344	82496	8
# ---- map 193: Vò Di s¬n (548 quai, neo nhiem vu 61984,91232) 
193	60992	90624	6
193	54560	87200	5
193	54592	83264	5
193	46752	81600	5
193	46464	101920	6
193	43296	88448	5
193	47456	104896	5
193	42304	86688	6
193	42304	98720	7
193	44608	79072	6
193	39584	91488	5
193	43264	78464	4
193	38720	88352	5
193	38560	95616	7
193	41600	77216	5
193	37338	93758	5
193	37248	85376	5
193	39520	79232	5
193	36544	95552	6
193	36224	86464	7
193	35360	90400	6
193	35392	85408	6
193	35104	86368	5
193	33440	92640	5
# ---- map 194: Ngäc Hoa ®éng (280 quai, neo nhiem vu 51168,102368) 
194	53568	101728	6
194	51712	99424	3
194	48768	99840	4
194	55200	99936	4
194	55584	100704	5
194	50080	107008	6
194	48480	97984	3
194	55712	105120	4
194	47264	98592	4
194	54112	107040	4
194	45824	100960	4
194	53856	97248	3
194	56640	99776	5
194	51904	108416	4
194	57504	101088	3
194	50816	95776	6
194	49152	95904	4
194	46016	97216	3
194	58811	103108	5
194	49280	94848	3
194	52800	94464	4
194	54016	109952	4
194	47456	94560	3
194	51680	113312	4
# ---- map 195: Nh¹n §·ng s¬n (464 quai, neo nhiem vu 21824,91616) 
195	21568	91744	4
195	22784	94496	4
195	25472	97536	4
195	28832	91520	5
195	26080	98016	5
195	29184	88448	5
195	26240	99008	6
195	29152	86688	5
195	32000	92768	5
195	23136	101856	5
195	29184	99808	6
195	30199	99047	8
195	21856	103008	6
195	31008	99136	5
195	33664	94272	4
195	33280	87456	5
195	34144	88608	4
195	35328	88384	4
195	33888	98976	5
195	36096	85440	4
195	37216	99680	5
195	38432	100032	5
195	38528	101152	5
195	45504	98976	5
# ---- map 196: D­¬ng Gi¸c ®éng (239 quai, neo nhiem vu 54112,98176) 
196	55552	98976	5
196	55168	96608	3
196	55648	97024	3
196	52704	99616	4
196	51744	97760	4
196	55520	100864	4
196	51488	99776	4
196	56896	99712	4
196	53952	94912	3
196	56448	100960	5
196	50432	96704	4
196	52609	94323	3
196	50944	95488	6
196	49696	97696	7
196	49856	100224	4
196	56544	102304	4
196	49344	96832	3
196	48512	97696	4
196	58400	102880	4
196	55008	106432	4
196	50944	106016	4
196	57920	106112	5
196	59584	105696	4
196	51712	108160	7
# ---- map 198: Thanh khª ®éng (282 quai, neo nhiem vu 48704,94560) 
198	48736	93728	12
198	49728	92864	5
198	50848	92896	7
198	51584	93600	7
198	50720	91552	8
198	52672	93824	6
198	50592	90784	7
198	49888	89888	5
198	52800	97568	8
198	53920	94688	6
198	53568	91680	6
198	52608	99008	5
198	54784	95520	5
198	50816	100544	6
198	54848	97536	5
198	55744	94464	5
198	53760	99808	7
198	55744	97472	5
198	53472	88512	6
198	51552	101728	8
198	52608	101600	6
198	56704	96864	5
198	55936	100928	6
198	58048	97760	5
# ---- map 199: Vò L¨ng ®éng (400 quai, neo nhiem vu 52608,92992) 
199	53568	94592	6
199	50624	93824	6
199	49760	92832	9
199	49984	91840	5
199	55936	93600	5
199	54880	95680	5
199	48736	92704	7
199	54752	96544	7
199	56992	94592	5
199	52736	97664	6
199	47872	92736	7
199	54560	97888	6
199	57440	95776	5
199	46496	94752	7
199	50656	99776	6
199	46528	98112	5
199	58080	98848	5
199	59136	97728	5
199	57696	100064	5
199	44320	95872	5
199	50912	102784	7
199	51584	103040	5
199	43680	97760	5
199	58752	102144	7
# ---- map 200: Cæ D­¬ng ®éng (283 quai, neo nhiem vu 51584,101472) 
200	52992	102688	4
200	53472	102880	4
200	49376	103840	5
200	53984	103776	6
200	50944	105856	5
200	54720	104736	7
200	48000	105024	5
200	50752	106912	5
200	56032	105760	5
200	55008	106688	6
200	50176	108064	6
200	49696	108256	5
200	48224	108000	5
200	52288	108832	6
200	56672	106976	5
200	48704	108832	6
200	51840	110240	5
200	46624	108928	6
200	48640	109984	5
200	47584	109888	6
200	55776	110144	5
200	49792	111200	10
200	53920	112288	7
200	52768	113184	5
# ---- map 201: B¨ng Hµ ®éng (280 quai, neo nhiem vu 51168,102304) 
201	51872	103040	6
201	53504	103808	4
201	54016	101792	5
201	53152	105952	5
201	55680	101760	4
201	52960	107072	4
201	55840	99776	6
201	55904	104800	6
201	54880	106656	5
201	56832	103104	6
201	56928	101888	4
201	56768	100768	4
201	56096	106016	4
201	55776	106784	5
201	57504	101056	5
201	56960	106112	5
201	58016	104832	6
201	55584	108128	6
201	58016	106176	5
201	57728	108832	6
201	61216	106176	5
201	62752	107232	8
201	61792	109856	7
201	63104	109824	5
# ---- map 202: Phï Dung ®éng (400 quai, neo nhiem vu 57152,90336) 
202	55872	92000	6
202	56896	92544	9
202	54528	90336	6
202	54848	88480	6
202	53728	90560	7
202	53792	91520	6
202	55840	93728	7
202	56512	94560	8
202	55968	95744	6
202	50944	89248	6
202	51744	94752	9
202	50752	93568	6
202	49696	90720	6
202	51776	95712	7
202	52832	96640	6
202	50400	86400	7
202	50816	95392	7
202	48640	92480	7
202	49760	85120	5
202	47680	90624	7
202	52640	99680	6
202	47296	86464	6
202	51840	100960	7
202	49664	102048	7
# ---- map 203: V« Danh ®éng (280 quai, neo nhiem vu 49632,95744) 
203	49404	96413	5
203	49280	97856	6
203	47360	95776	4
203	50784	93632	4
203	52064	94624	4
203	51648	97536	4
203	52416	96704	6
203	52800	95776	6
203	46656	97920	4
203	52704	93472	5
203	45696	95936	4
203	53440	94720	4
203	51808	99104	6
203	53984	97024	4
203	54496	96864	4
203	54400	97792	12
203	54080	98784	8
203	54784	99904	4
203	54464	102944	4
203	51744	104192	6
203	56640	101760	8
203	53984	104064	7
203	51872	105888	6
203	58656	100992	8
# ---- map 204: Phi Thiªn ®éng (400 quai, neo nhiem vu 53728,108512) 
204	52896	109152	7
204	55744	109888	5
204	50976	108928	5
204	52768	111328	6
204	53728	105184	5
204	50656	107040	6
204	50720	110144	6
204	54912	104160	5
204	52832	103936	7
204	51808	113216	7
204	48448	110048	6
204	56096	114208	7
204	47872	111040	7
204	48512	113376	6
204	47264	104768	5
204	52640	115968	6
204	45728	108288	6
204	47392	114400	6
204	44576	108864	5
204	49760	117216	7
204	44320	111872	7
204	43328	112032	5
204	42432	109024	5
204	41664	108992	5
# ---- map 205: D­¬ng Trung ®éng (280 quai, neo nhiem vu 54336,109056) 
205	51680	108064	5
205	53664	106112	10
205	54144	105024	7
205	54176	104128	5
205	52704	104000	5
205	53600	102944	5
205	51008	103840	7
205	49632	104928	7
205	50304	103040	5
205	52800	100928	6
205	49792	101984	6
205	45792	103744	6
205	49536	100128	4
205	48384	99872	4
205	45696	101952	6
205	47360	99936	5
205	46720	99744	4
205	47712	98752	4
205	47648	97792	6
205	44416	99776	7
205	45504	95584	4
205	44544	95776	7
205	41440	97216	4
205	40576	97856	4
# ---- map 206: TÇn L¨ng tÇng 2 (120 quai, neo nhiem vu 57280,104480) 
206	57196	104159	3
206	56512	105088	6
206	56768	105536	4
206	55872	105152	9
206	55456	103776	3
206	55968	106144	6
206	55712	102976	4
206	55104	105504	8
206	54560	103904	3
206	54592	103040	5
206	53984	104832	6
206	53824	103872	12
206	53568	102912	9
206	53440	106048	8
206	52928	106080	3
206	52576	103744	6
206	52800	102752	8
206	52000	104000	2
206	51424	103072	9
# ---- map 207: TÇn L¨ng tÇng 3 (120 quai, neo nhiem vu 51040,102560) 
207	50624	102624	6
207	50688	101600	8
207	49984	102816	4
207	49856	101856	5
207	50944	101088	7
207	51232	100928	2
207	49568	101216	4
207	50624	100160	4
207	48512	101632	6
207	48128	103136	5
207	48448	100800	12
207	47776	102848	7
207	47840	101088	7
207	47552	103648	11
207	47488	101600	4
207	48416	99936	3
207	47744	100224	2
207	46496	101696	8
207	45600	101984	6
207	45568	102432	2
# ---- map 224: Sa m¹c §Þa biÓu (710 quai, neo nhiem vu 50912,96416) 
224	49705	95770	10
224	52785	96822	9
224	48661	95091	8
224	50742	93644	10
224	52000	93736	10
224	53763	95796	9
224	48541	98640	9
224	47629	96715	9
224	47739	97716	10
224	49471	99898	10
224	53891	98790	10
224	47668	98981	10
224	53774	92496	9
224	54830	99794	9
224	55972	97904	10
224	54829	92465	10
224	55889	92632	8
224	55825	91702	10
224	53951	102970	9
224	57968	98808	9
224	58763	95694	12
224	58816	94908	13
224	58987	96769	9
224	59920	96791	15
# ---- map 225: S¬n ®éng Sa m¹c tÇng 1 (410 quai, neo nhiem vu 47232,104768) [DANG BAT]
225	46586	103797	7
225	46496	102875	9
225	48779	102909	9
225	50034	105222	8
225	44342	104887	8
225	45563	107189	8
225	47732	101860	10
225	46665	107927	9
225	43679	102084	8
225	51641	104077	10
225	44573	100961	12
225	42643	105935	9
225	49510	108950	8
225	50704	108070	8
225	43672	108009	13
225	51572	107018	10
225	44547	108991	10
225	45540	99914	9
225	47534	109948	12
225	52502	105135	7
225	41571	104924	10
225	52887	105907	9
225	41487	104238	8
225	40501	103804	11
# ---- map 226: S¬n ®éng Sa m¹c tÇng 2 (390 quai, neo nhiem vu 49696,101536) [DANG BAT]
226	50727	101627	9
226	51762	102932	9
226	51800	99795	7
226	52821	102024	8
226	54940	101777	9
226	54871	100002	7
226	53476	106127	8
226	55831	102696	8
226	55755	98803	10
226	56856	102008	10
226	54678	107031	11
226	55903	106010	8
226	56984	97965	7
226	56734	105953	12
226	58109	99808	8
226	58086	98753	7
226	57784	105135	9
226	57673	97653	7
226	58945	100835	8
226	59836	102915	9
226	59921	106218	11
226	60988	103973	11
226	59820	107159	10
226	60900	104707	8
# ---- map 227: S¬n ®éng Sa m¹c tÇng 3 (680 quai, neo nhiem vu 48960,104640) [DANG BAT]
227	49764	107072	10
227	48844	101980	10
227	46637	106125	8
227	50708	106844	8
227	49574	101830	8
227	51569	102814	10
227	45556	105910	10
227	52686	103883	11
227	47430	108201	9
227	52744	102779	9
227	51739	107897	10
227	48724	108962	8
227	52826	107024	10
227	52631	101830	8
227	44519	101916	9
227	43493	104034	11
227	43551	100830	11
227	42528	103057	15
227	54776	108097	8
227	52333	98740	7
227	49790	97769	8
227	52754	97990	7
227	53513	97875	9
227	52825	97022	7
# ---- map 231: N¬i ë Th­¬ng L­¬ng kh¸ch (1 quai, neo nhiem vu 51552,102176) 
# ---- map 319: L©m Du Quan (1285 quai, neo nhiem vu 64992,105152) 
319	63065	105065	14
319	62006	103926	14
319	63849	109013	11
319	58904	106900	14
319	58568	106092	11
319	59779	109266	15
319	57780	106194	12
319	57654	104972	13
319	62132	112001	13
319	59833	111106	17
319	58864	110351	11
319	63985	113129	11
319	56878	103790	12
319	56037	105040	12
319	56873	109026	14
319	56043	103792	11
319	63041	114105	12
319	57824	111044	16
319	54801	106882	13
319	53768	111237	14
319	52726	109153	15
319	61798	119276	13
319	52738	114331	13
319	53868	120241	14
# ---- map 320: Ch©n nói Tr­êng B¹ch (1493 quai, neo nhiem vu 44352,72096) 
320	42493	73254	10
320	42719	74306	9
320	41277	73384	8
320	42507	75084	10
320	43423	76312	8
320	40198	73416	8
320	41262	76127	9
320	41298	79138	9
320	38368	80235	8
320	43657	84366	8
320	38553	85462	8
320	42413	86627	8
320	44393	87380	8
320	44570	88615	8
320	42580	91626	8
320	41280	91676	8
320	47441	94757	8
320	44731	95773	9
320	45678	96641	10
320	44544	97800	8
320	40381	98964	8
320	40380	99820	8
320	48606	99810	9
320	49627	100872	8
# ---- map 321: Tr­êng B¹ch s¬n Nam  (2328 quai, neo nhiem vu 30912,73472) 
321	32397	74248	12
321	34345	77334	12
321	35373	76433	12
321	39296	75443	10
321	37605	79117	10
321	39695	76336	11
321	40214	74302	12
321	38462	79421	10
321	36497	81604	11
321	32325	84662	11
321	44708	78243	10
321	45468	78371	10
321	45528	80557	10
321	38409	90454	12
321	37517	91776	11
321	48664	83408	11
321	33315	93682	11
321	47695	88633	11
321	33269	96828	12
321	49529	88695	11
321	34195	98663	11
321	33172	99904	13
321	34496	99838	12
321	40455	98678	11
# ---- map 322: Tr­êng B¹ch s¬n B¾c (1943 quai, neo nhiem vu 65536,131840) 
322	59849	130724	10
322	63977	125622	10
322	57921	131770	10
322	63976	124287	10
322	52874	129537	9
322	58023	120382	10
322	54610	123355	10
322	63924	117378	12
322	51761	125480	13
322	62717	116138	9
322	62065	115384	10
322	58996	111175	9
322	56857	110929	12
322	64101	108945	11
322	62942	108119	9
322	52731	109108	9
322	58763	106262	9
322	51618	108046	10
322	64064	103750	10
322	52737	105966	9
322	65023	101722	10
322	61983	101849	12
322	57897	102066	12
322	56709	101807	10
# ---- map 340: M¹c Cao QuËt (2587 quai, neo nhiem vu 59296,110272) 
340	53822	102763	11
340	51689	104911	12
340	55819	100848	12
340	49662	104052	12
340	47745	107051	14
340	54833	97768	13
340	46467	106134	11
340	54831	96855	11
340	58935	95854	12
340	41482	105898	11
340	60131	90541	12
340	52548	91679	11
340	58994	90492	11
340	50747	91524	11
340	57878	89629	11
340	44411	93689	11
340	50776	89548	10
340	52744	88660	10
340	53686	88369	10
340	42433	94838	13
340	42413	92865	12
340	43432	91654	10
340	42444	89638	11
340	41566	87370	10
