×°±¸Ãû³Æ	µ¶¶ÜÕ¾Á¢1	¶Üµ¶Õ¾Á¢1	¿ÕÊÖÕ¾Á¢1	¿ÕÊÖÕ¾Á¢2	¿ÕÊÖÕ¾Á¢3	¶ÌÎäÆ÷Õ¾Á¢	³¤ÎäÆ÷Õ¾Á¢	Ë«ÎäÆ÷Õ¾Á¢	µ¶¶ÜÎäÆ÷Õ¾Á¢	¶Üµ¶ÎäÆ÷Õ¾Á¢	ÇÙÕ½¶·Õ¾Á¢	ÇÙ·ÇÕ½¶·Õ¾Á¢	¿ÕÊÖ×ßÂ·	ÆÕÍ¨×ßÂ·	¶ÌÎäÆ÷×ßÂ·	³¤ÎäÆ÷×ßÂ·	Ë«ÎäÆ÷×ßÂ·	µ¶¶ÜÎäÆ÷×ßÂ·	¶Üµ¶ÎäÆ÷×ßÂ·	ÇÙ×ßÂ·	¿ÕÊÖÅÜ²½	ÆÕÍ¨ÅÜ²½	¶ÌÎäÆ÷ÅÜ²½	³¤ÎäÆ÷ÅÜ²½	Ë«ÎäÆ÷ÅÜ²½	µ¶¶ÜÎäÆ÷ÅÜ²½	¶Üµ¶ÎäÆ÷ÅÜ²½	ÇÙÎäÆ÷ÅÜ²½	¿ÕÊÖÊÜÉË	¶ÌÎäÆ÷ÊÜÉË	³¤ÎäÆ÷ÊÜÉË	Ë«ÎäÆ÷ÊÜÉË	µ¶¶ÜÎäÆ÷ÊÜÉË	¶Üµ¶ÎäÆ÷ÊÜÉË	ÇÙÎäÆ÷ÊÜÉË	¿ÕÊÖËÀÍö	¶ÌÎäÆ÷ËÀÍö	³¤ÎäÆ÷ËÀÍö	Ë«ÎäÆ÷ËÀÍö	µ¶¶ÜÎäÆ÷ËÀÍö	¶Üµ¶ÎäÆ÷ËÀÍö	ÇÙÎäÆ÷ËÀÍö	¿ÕÊÖ¹¥»÷	¶ÌÎäÆ÷´Ì	¶ÌÎäÆ÷¿³	³¤ÎäÆ÷´Á	³¤ÎäÆ÷Åü	Ë«ÎäÆ÷»®	Ë«ÎäÆ÷ÔÒ	µ¶¶ÜÎäÆ÷»®	µ¶¶ÜÎäÆ÷¿³	¶Üµ¶ÎäÆ÷»®	¶Üµ¶ÎäÆ÷¿³	ÇÙÎäÆ÷¹¥»÷1	ÇÙÎäÆ÷¹¥»÷2	°µÆ÷Í¶ÖÀ	¿ÕÊÖÄ§·¨	¶ÌÎäÆ÷Ä§·¨	³¤ÎäÆ÷Ä§·¨	Ë«ÎäÆ÷Ä§·¨	µ¶¶ÜÎäÆ÷Ä§·¨	¶Üµ¶ÎäÆ÷Ä§·¨	ÇÙÎäÆ÷Ä§·¨	´ò×ø	ÌøÔ¾	ÆïÂíÕ¾Á¢	ÆïÂí×ß¶¯	ÆïÂíÅÜ²½	ÆïÂí¹¥»÷Åü	ÆïÂí¹¥»÷´Ì	ÆïÂíÄ§·¨	ÆïÂíÊÜÉË	ÆïÂíËÀÍö	ÆïÂíÕ¾Á¢1	ÆïÂíÕ¾Á¢2
Ngùa 1																																																																		112,8,1	96,8,1	80,8,1	96,8,1	112,8,1	96,8,1	48,8,1	112,8,1	112,8,1	112,8,1
Ngùa 2																																																																		112,8,1	96,8,1	80,8,1	96,8,1	112,8,1	96,8,1	48,8,1	112,8,1	112,8,1	112,8,1
Ngùa 3																																																																		112,8,1	96,8,1	80,8,1	96,8,1	112,8,1	96,8,1	48,8,1	112,8,1	112,8,1	112,8,1
Ngùa 4																																																																		112,8,1	96,8,1	80,8,1	96,8,1	112,8,1	96,8,1	48,8,1	112,8,1	112,8,1	112,8,1
Ngùa 5																																																																		112,8,1	96,8,1	80,8,1	96,8,1	112,8,1	96,8,1	48,8,1	112,8,1	112,8,1	112,8,1
Ngùa 6																																																																		112,8,1	96,8,1	80,8,1	96,8,1	112,8,1	96,8,1	48,8,1	112,8,1	112,8,1	112,8,1
Ngùa 7																																																																		112,8,1	96,8,1	80,8,1	96,8,1	112,8,1	96,8,1	48,8,1	112,8,1	112,8,1	112,8,1
Ngùa 8																																																																		112,8,1	96,8,1	80,8,1	96,8,1	112,8,1	96,8,1	48,8,1	112,8,1	112,8,1	112,8,1
Ngùa 9																																																																		112,8,1	96,8,1	80,8,1	96,8,1	112,8,1	96,8,1	48,8,1	112,8,1	112,8,1	112,8,1
Ngùa 10																																																																		112,8,1	96,8,1	80,8,1	96,8,1	112,8,1	96,8,1	48,8,1	112,8,1	112,8,1	112,8,1
Ngùa 11																																																																		112,8,1	96,8,1	80,8,1	96,8,1	112,8,1	96,8,1	48,8,1	112,8,1	112,8,1	112,8,1
Ngùa 12																																																																		112,8,1	96,8,1	80,8,1	96,8,1	112,8,1	96,8,1	48,8,1	112,8,1	112,8,1	112,8,1
Ngùa sè 13																																																																		112,8,1	96,8,1	80,8,1	96,8,1	112,8,1	96,8,1	48,8,1	112,8,1	112,8,1	112,8,1
Ngùa 14																																																																		112,8,1	96,8,1	80,8,1	96,8,1	112,8,1	96,8,1	48,8,1	112,8,1	112,8,1	112,8,1
Ngùa 15																																																																		112,8,1	96,8,1	80,8,1	96,8,1	112,8,1	96,8,1	48,8,1	112,8,1	112,8,1	112,8,1
Ngùa 16																																																																		112,8,1	96,8,1	80,8,1	96,8,1	112,8,1	96,8,1	48,8,1	112,8,1	112,8,1	112,8,1
Ngùa 17																																																																		112,8,1	96,8,1	80,8,1	96,8,1	112,8,1	96,8,1	48,8,1	112,8,1	112,8,1	112,8,1
Ngùa 18																																																																		112,8,1	96,8,1	80,8,1	96,8,1	112,8,1	96,8,1	48,8,1	112,8,1	112,8,1	112,8,1
Ngùa 19																																																																		112,8,1	96,8,1	80,8,1	96,8,1	112,8,1	96,8,1	48,8,1	112,8,1	112,8,1	112,8,1
Ngùa 20																																																																		112,8,1	96,8,1	80,8,1	96,8,1	112,8,1	96,8,1	48,8,1	112,8,1	112,8,1	112,8,1
Ngùa 21																																																																		112,8,1	96,8,1	80,8,1	96,8,1	112,8,1	96,8,1	48,8,1	112,8,1	112,8,1	112,8,1
Ngùa 22																																																																		112,8,1	96,8,1	80,8,1	96,8,1	112,8,1	96,8,1	48,8,1	112,8,1	112,8,1	112,8,1
Ngùa 23																																																																		112,8,1	96,8,1	80,8,1	96,8,1	112,8,1	96,8,1	48,8,1	112,8,1	112,8,1	112,8,1
Ngùa 24																																																																		112,8,1	96,8,1	80,8,1	96,8,1	112,8,1	96,8,1	48,8,1	112,8,1	112,8,1	112,8,1
Ngùa 25																																																																		112,8,1	96,8,1	80,8,1	96,8,1	112,8,1	96,8,1	48,8,1	112,8,1	112,8,1	112,8,1
Ngùa 26																																																																		112,8,1	96,8,1	80,8,1	96,8,1	112,8,1	96,8,1	48,8,1	112,8,1	112,8,1	112,8,1
Ngùa 27																																																																		112,8,1	96,8,1	80,8,1	96,8,1	112,8,1	96,8,1	48,8,1	112,8,1	112,8,1	112,8,1
Ngùa 28																																																																		112,8,1	96,8,1	80,8,1	96,8,1	112,8,1	96,8,1	48,8,1	112,8,1	112,8,1	112,8,1
Ngùa 29																																																																		112,8,1	96,8,1	80,8,1	96,8,1	112,8,1	96,8,1	48,8,1	112,8,1	112,8,1	112,8,1
Ngùa 30																																																																		112,8,1	96,8,1	80,8,1	96,8,1	112,8,1	96,8,1	48,8,1	112,8,1	112,8,1	112,8,1
Ngùa 31																																																																		112,8,1	96,8,1	80,8,1	96,8,1	112,8,1	96,8,1	48,8,1	112,8,1	112,8,1	112,8,1
Ngùa 32																																																																		112,8,1	96,8,1	80,8,1	96,8,1	112,8,1	96,8,1	48,8,1	112,8,1	112,8,1	112,8,1
Ngùa 33																																																																		112,8,1	96,8,1	80,8,1	96,8,1	112,8,1	96,8,1	48,8,1	112,8,1	112,8,1	112,8,1
Ngùa 34																																																																		112,8,1	96,8,1	80,8,1	96,8,1	112,8,1	96,8,1	48,8,1	112,8,1	112,8,1	112,8,1
Ngùa 35																																																																		112,8,1	96,8,1	80,8,1	96,8,1	112,8,1	96,8,1	48,8,1	112,8,1	112,8,1	112,8,1
Ngùa 36																																																																		112,8,1	96,8,1	80,8,1	96,8,1	112,8,1	96,8,1	48,8,1	112,8,1	112,8,1	112,8,1
Ngùa 37																																																																		112,8,1	96,8,1	80,8,1	96,8,1	112,8,1	96,8,1	48,8,1	112,8,1	112,8,1	112,8,1
Ngùa 38																																																																		112,8,1	96,8,1	80,8,1	96,8,1	112,8,1	96,8,1	48,8,1	112,8,1	112,8,1	112,8,1
